# -b
-120.000867	41.999475
-119.999987	41.999475
# -b
-119.999987	45.812055
-120.255279	45.732776
-120.506390	45.724709
-120.641407	45.747811
# -b
-120.641407	45.747811
-120.895012	45.656651
# -b
-120.895012	45.656651
-121.145243	45.616094
-121.401415	45.708354
-121.655313	45.715542
-121.908331	45.662518
-122.163036	45.584412
-122.416934	45.585292
-122.426395	45.587199
# -b
-122.426395	45.587199
-122.578059	45.614481
# -b
-122.578059	45.614481
-122.685573	45.629149
# -b
-122.685573	45.629149
-122.732217	45.659438
# -b
-122.732217	45.659438
-122.786634	45.914436
-122.806949	45.981394
# -b
-122.806949	45.981394
-122.902802	46.099102
# -b
-122.902802	46.099102
-122.999976	46.137239
# -b
-122.999976	46.137239
-123.004743	46.138045
# -b
-123.004743	46.138045
-123.163741	46.195249
# -b
-123.163741	46.195249
-123.171368	46.194149
# -b
-123.171368	46.194149
-123.421380	46.208304
-123.675278	46.275555
-123.925802	46.272768
-124.085534	46.280249
# -b
-120.000867	41.999475
-120.251099	41.999988
-120.320844	41.999695
# -b
-120.320844	41.999695
-120.479695	41.999475
# -b
-120.479695	41.999475
-120.734180	41.999695
-121.000032	41.999475
-121.250557	41.999475
-121.420923	41.999548
# -b
-121.420923	41.999548
-121.684428	41.999695
-121.895497	41.999768
# -b
-121.895497	41.999768
-122.150568	41.999988
-122.176677	41.999915
# -b
-122.176677	41.999915
-122.434169	41.999695
-122.623676	41.999768
# -b
-122.623676	41.999768
-122.883368	41.999695
-123.133599	41.999475
-123.383610	41.999475
-123.633915	41.999695
-123.900574	41.999475
-124.150585	41.999988
-124.185861	41.999475
# -b
-120.000281	39.999971
-120.000574	40.164176
# -b
-120.000574	40.164176
-120.000281	40.416095
-120.000867	40.666106
-120.000574	40.916117
-120.000281	41.166128
-120.000867	41.416360
-120.000281	41.683092
-120.000574	41.949751
-120.000867	41.999475
# -b
-119.999987	39.006527
-120.000574	39.228596
# -b
-120.000574	39.228596
-120.000574	39.440838
# -b
-120.000574	39.440838
-120.000721	39.457412
# -b
-120.000721	39.457412
-120.000281	39.716664
-120.000867	39.966676
-120.000281	39.999971
# -b
-114.999982	46.979679
-115.255273	47.185247
-115.506971	47.308089
-115.734688	47.561401
-115.837508	47.813612
-116.048870	48.076384
-116.048724	48.084452
# -b
-116.048724	48.084452
-116.048504	48.098313
# -b
-116.048504	48.098313
-116.048357	48.359985
-116.048137	48.604862
# -b
-116.048137	48.604862
-116.048357	48.614763
# -b
-116.048357	48.614763
-116.049164	48.876949
-116.048357	48.999717
# -b
-116.885810	46.001415
-116.944701	46.252527
-117.022220	46.445261
# -b
-117.022220	46.445261
-117.039455	46.698866
-117.038868	46.948877
-117.039455	47.198888
-117.039161	47.465254
-117.038868	47.706978
# -b
-117.038868	47.706978
-117.038868	47.748634
# -b
-117.038868	47.748634
-117.039748	47.998645
-117.039455	48.191746
# -b
-117.039455	48.191746
-117.039455	48.209861
# -b
-117.039455	48.209861
-117.039161	48.465006
-117.038868	48.715310
-117.038868	48.981676
-117.037919	49.000000
# -b
-116.885810	46.001415
-117.150856	45.999729
-117.416929	45.999729
-117.667233	45.999729
-117.917244	46.000022
-118.167476	45.999729
-118.417780	45.999729
-118.683339	46.000022
-118.933644	45.999729
-118.951832	45.999729
# -b
-118.951832	45.999729
-118.995542	45.998335
# -b
-118.995542	45.998335
-119.247240	45.946632
-119.497251	45.916416
-119.560029	45.928370
# -b
-119.560029	45.928370
-119.735822	45.860019
# -b
-119.735822	45.860019
-119.991407	45.815282
-119.999987	45.812055
# -b
-116.843861	44.999977
-116.688896	45.249988
-116.541706	45.499999
-116.496676	45.695814
# -b
-116.496676	45.695814
-116.499976	45.700287
# -b
-116.499976	45.700287
-116.751087	45.828630
-116.779323	45.861705
# -b
-116.779323	45.861705
-116.885810	46.001415
# -b
-119.999987	41.999475
-119.734428	41.999695
-119.484197	41.999475
-119.217758	41.999475
-118.967233	41.999475
-118.700867	41.999695
-118.434428	41.999475
-118.167769	41.999988
-117.917244	41.999475
-117.667233	41.999695
-117.400574	41.999475
-117.150563	41.999475
-117.016646	41.999475
# -b
-116.942794	44.106933
-116.936634	44.049142
# -b
-116.936634	44.049142
-116.993911	43.859195
# -b
-116.993911	43.859195
-117.024420	43.804191
# -b
-117.024420	43.804191
-117.017160	43.689856
# -b
-117.017160	43.689856
-117.017527	43.433024
-117.017233	43.166659
-117.016940	42.916134
-117.016646	42.666123
-117.017527	42.399464
-117.016646	42.342259
# -b
-117.016646	42.342259
-117.017527	42.083081
-117.016646	41.999475
# -b
-116.942794	44.106933
-117.193319	44.295560
-117.201093	44.368898
# -b
-117.201093	44.368898
-117.103333	44.623897
-116.874150	44.873908
-116.843861	44.999977
# -b
-114.999982	41.999768
-115.251093	41.999695
-115.517532	41.999695
-115.767763	41.999475
-116.018068	41.999475
-116.140324	41.999915
# -b
-116.140324	41.999915
-116.401409	41.999475
-116.667188	41.999988
-116.917493	41.999475
-117.016646	41.999475
# -b
-113.430022	44.999977
-113.663606	45.250575
-113.752492	45.505867
-114.003603	45.691633
-114.253908	45.501393
-114.506413	45.568058
-114.513600	45.821076
-114.470257	46.075561
-114.418040	46.333346
-114.331647	46.584751
-114.585252	46.645842
-114.835850	46.799413
-114.999982	46.979679
# -b
-111.050258	41.999695
-111.050772	42.184801
# -b
-111.050772	42.184801
-111.050845	42.215677
# -b
-111.050845	42.215677
-111.050258	42.466128
-111.050552	42.716140
-111.050845	42.966371
-111.050478	43.177439
# -b
-111.050478	43.177439
-111.050478	43.209855
# -b
-111.050478	43.209855
-111.050552	43.466687
-111.050552	43.733053
-111.051138	43.983064
-111.050552	44.233075
-111.051358	44.497754
# -b
-114.042620	41.999988
-113.784468	41.999475
-113.534456	41.999475
-113.284152	41.999475
-113.034141	41.999695
-112.768068	41.999475
-112.517763	41.999475
-112.251398	41.999475
-112.000800	41.999695
-111.945942	41.999622
# -b
-111.945942	41.999622
-111.907366	41.999842
# -b
-111.907366	41.999842
-111.651121	41.999695
-111.384462	41.999695
-111.134451	41.999988
-111.050258	41.999695
# -b
-111.051358	44.497754
-111.302470	44.720263
-111.553068	44.568306
-111.810853	44.526356
-112.066364	44.539997
-112.267312	44.555178
# -b
-112.267312	44.555178
-112.522751	44.488367
-112.775842	44.471939
-112.829966	44.369412
# -b
-112.829966	44.369412
-113.060836	44.622796
-113.313854	44.790008
-113.430022	44.999977
# -b
-111.051358	44.497754
-111.050258	44.683081
# -b
-111.050258	44.683081
-111.050258	44.949447
-110.800027	44.999977
-110.533881	44.999757
-110.483938	44.999757
# -b
-110.483938	44.999757
-110.217792	44.999464
-109.999976	44.999757
# -b
-114.042620	41.999988
-114.300845	41.999695
-114.550856	41.999695
-114.801381	41.999695
-114.999982	41.999768
# -b
-109.999976	40.999430
-110.250281	41.000016
-110.500585	41.000016
-110.751110	40.999430
-110.852024	40.999723
# -b
-110.852024	40.999723
-111.050331	41.251861
# -b
-111.050331	41.251861
-111.049965	41.516393
-111.050625	41.537882
# -b
-111.050625	41.537882
-111.050258	41.799407
-111.050625	41.820602
# -b
-111.050625	41.820602
-111.050258	41.999695
# -b
-114.041960	39.999971
-114.041666	40.266410
-114.042253	40.499701
# -b
-114.042253	40.499701
-114.041960	40.723090
# -b
-114.041960	40.723090
-114.042033	40.739884
# -b
-114.042033	40.739884
-114.042253	40.868300
# -b
-114.042253	40.868300
-114.042473	40.979188
# -b
-114.042473	40.979188
-114.041006	41.344781
# -b
-114.041006	41.344781
-114.042620	41.999988
# -b
-109.046354	40.999723
-108.783582	40.999430
-108.517510	40.999723
-108.266912	41.000016
-108.000839	40.999430
-107.750315	40.999430
-107.500010	40.999723
-107.233864	40.999723
-106.983853	40.999430
-106.717780	41.000016
-106.467476	40.999430
-106.335026	41.000016
# -b
-106.335026	41.000016
-106.083622	41.000016
-105.817256	41.000016
-105.550523	41.000016
-105.283864	40.999430
-105.017792	40.999723
-104.999971	41.000016
# -b
-109.999976	44.999757
-109.733610	44.999757
-109.483599	44.999977
-109.217747	44.999977
-108.967515	44.999977
-108.717211	44.999464
-108.623851	44.999464
# -b
-108.623851	44.999464
-108.367239	44.999757
-108.248504	44.999757
# -b
-108.248504	44.999757
-107.983898	44.999977
-107.717532	44.999757
-107.467521	44.999757
-107.217216	44.999757
-106.967205	44.999464
-106.701133	44.999977
-106.450535	44.999464
-106.184169	44.999757
-105.917510	44.999977
-105.650851	44.999757
-105.400839	44.999977
-105.150828	44.999757
-104.999971	44.999757
# -b
-109.046354	40.999723
-109.300253	41.000016
-109.512201	41.000016
# -b
-109.512201	41.000016
-109.575566	40.999723
# -b
-109.575566	40.999723
-109.587226	40.999723
# -b
-109.587226	40.999723
-109.622796	40.999723
# -b
-109.622796	40.999723
-109.884174	40.999430
-109.999976	40.999430
# -b
-109.046134	39.999971
-109.046648	40.265824
-109.046134	40.532776
-109.046134	40.533436
# -b
-109.046134	40.533436
-109.046648	40.799142
-109.046354	40.853999
# -b
-109.046354	40.853999
-109.046354	40.999723
# -b
-101.367216	48.998911
-101.367216	49.000000
# -b
-104.011146	45.941938
-104.012246	46.193856
-104.014446	46.447754
-104.016353	46.701946
-104.017233	46.933549
# -b
-104.017233	46.933549
-104.019433	47.189134
-104.021634	47.443912
-104.022807	47.698617
-104.023467	47.770416
# -b
-104.023467	47.770416
-104.024641	47.878664
# -b
-104.024641	47.878664
-104.025301	47.965643
# -b
-104.025301	47.965643
-104.025081	48.008620
# -b
-104.025081	48.008620
-104.025594	48.024314
# -b
-104.025594	48.024314
-104.027794	48.279972
-104.028894	48.535557
-104.031388	48.791362
-104.033076	49.000000
# -b
-104.011146	45.941938
-103.887644	45.940764
# -b
-103.887644	45.940764
-103.633892	45.940544
-103.383881	45.941131
-103.116929	45.940544
-102.850856	45.941424
-102.600552	45.941644
-102.350247	45.941424
-102.100016	45.941131
-101.834163	45.941424
-101.583859	45.941644
-101.333627	45.941644
-101.067482	45.941424
-100.817470	45.941131
-100.566946	45.941644
-100.553011	45.941424
# -b
-100.553011	45.941424
-100.494707	45.941204
# -b
-100.494707	45.941204
-100.452611	45.941644
# -b
-100.452611	45.941644
-100.200546	45.941424
-99.999965	45.941424
# -b
-104.043342	44.999977
-104.006379	45.250868
-104.008066	45.483352
# -b
-104.008066	45.483352
-104.009166	45.736370
-104.011146	45.941938
# -b
-104.021634	40.999723
-104.022220	41.186516
# -b
-104.022220	41.186516
-104.022514	41.437188
-104.023614	41.688593
-104.024714	41.939997
-104.024934	41.997568
# -b
-104.024934	41.997568
-104.025521	42.254180
-104.026914	42.505805
-104.027941	42.669496
# -b
-104.027941	42.669496
-104.027794	42.678957
# -b
-104.027794	42.678957
-104.028601	42.932488
-104.028894	43.000253
# -b
-104.999971	41.000016
-104.875442	40.999723
# -b
-104.875442	40.999723
-104.617216	40.999430
-104.350557	40.999723
-104.084191	40.999723
-104.021634	40.999723
# -b
-104.999971	44.999757
-104.734191	44.999757
-104.467532	44.999977
-104.428663	44.999610
# -b
-104.428663	44.999610
-104.167211	44.999977
-104.037181	44.999977
# -b
-104.028894	43.000253
-104.030581	43.254445
-104.030654	43.448426
# -b
-104.030654	43.448426
-104.031681	43.702250
-104.033074	43.954462
-104.034175	44.206967
-104.035275	44.459178
-104.035568	44.711683
-104.036228	44.764193
# -b
-104.036228	44.764193
-104.037181	44.999977
# -b
-99.999965	42.999740
-100.250270	42.999740
-100.500281	42.999447
-100.750292	42.999740
-101.000303	42.999740
-101.250315	43.000033
-101.500546	42.999740
-101.767205	42.999740
-102.017216	42.999740
-102.267228	42.999447
-102.517239	43.000033
-102.767250	43.000033
-103.017775	42.999447
-103.267786	43.000033
-103.533859	43.000033
-103.800811	43.000033
-104.028894	43.000253
# -b
-102.024477	39.999971
-102.024624	40.060549
# -b
-102.024624	40.060549
-102.025577	40.310854
-102.026677	40.563358
-102.026970	40.815570
-102.179295	40.999943
# -b
-102.179295	40.999943
-102.217724	40.999723
# -b
-102.217724	40.999723
-102.351054	40.999430
# -b
-102.351054	40.999430
-102.601358	40.999723
-102.868091	40.999430
-103.134163	40.999430
-103.384468	40.999723
-103.634699	41.000016
-103.884710	40.999723
-104.021634	40.999723
# -b
-96.556424	45.941644
-96.586933	46.193636
-96.718063	46.446361
-96.782527	46.699452
-96.785314	46.868058
# -b
-96.785314	46.868058
-96.821397	47.027202
# -b
-96.821397	47.027202
-96.846405	47.280001
-96.859973	47.531405
-96.956633	47.783030
-97.008337	47.909759
# -b
-97.008337	47.909759
-97.002250	47.919146
# -b
-97.002250	47.919146
-97.132206	48.169744
-97.122745	48.422249
-97.096930	48.674974
-97.209138	48.925865
-97.233340	48.962535
# -b
-97.233340	48.962535
-97.218599	48.999717
# -b
-99.999965	45.941424
-99.734479	45.941424
-99.483881	45.941424
-99.217809	45.941644
-98.967211	45.941424
-98.701138	45.941424
-98.450540	45.941424
-98.184468	45.941424
-98.179261	45.941424
# -b
-98.179261	45.941424
-97.918029	45.941131
-97.667504	45.941131
-97.400845	45.941424
-97.134479	45.941131
-96.868040	45.941131
-96.617515	45.941131
-96.556424	45.941644
# -b
-96.453604	44.999977
-96.453897	45.265829
-96.453677	45.296265
# -b
-96.453677	45.296265
-96.705815	45.422774
-96.860853	45.595560
# -b
-96.860853	45.595560
-96.837531	45.643596
# -b
-96.837531	45.643596
-96.603361	45.821663
# -b
-96.603361	45.821663
-96.556424	45.941644
# -b
-95.761947	40.600248
-95.763047	40.597534
# -b
-95.763047	40.597534
-95.631918	40.345836
-95.412782	40.093038
-95.315975	39.999971
# -b
-96.453604	43.499983
-96.453310	43.749994
-96.453090	44.000005
-96.453897	44.250016
-96.453897	44.500028
-96.454190	44.766393
-96.453604	44.999977
# -b
-96.482792	42.513065
-96.635850	42.764690
-96.496360	43.019981
-96.583633	43.274686
-96.601968	43.497782
# -b
-96.601968	43.497782
-96.453604	43.499983
# -b
-95.000033	43.499983
-95.251144	43.499689
-95.517803	43.499469
-95.711930	43.499616
# -b
-95.711930	43.499616
-95.967809	43.499689
-96.234468	43.499983
-96.453604	43.499983
# -b
-96.482792	42.513065
-96.735297	42.675803
-96.986922	42.766377
-97.240527	42.867510
-97.284457	42.878365
# -b
-97.284457	42.878365
-97.541948	42.857243
-97.794160	42.859737
-98.026130	42.784418
# -b
-98.026130	42.784418
-98.280542	42.884158
-98.489703	43.003554
# -b
-98.489703	43.003554
-98.750569	43.000033
-99.000800	42.999740
-99.250811	42.999740
-99.501116	42.999740
-99.751127	43.000033
-99.999965	42.999740
# -b
-95.761947	40.600248
-95.760554	40.609708
# -b
-95.760554	40.609708
-95.829419	40.861406
-95.866602	41.049007
# -b
-95.866602	41.049007
-95.921679	41.221939
# -b
-95.921679	41.221939
-95.918305	41.233307
# -b
-95.918305	41.233307
-95.916398	41.257508
# -b
-95.916398	41.257508
-96.000004	41.508473
-96.079724	41.565017
# -b
-96.079724	41.565017
-96.077523	41.818035
-96.258083	42.068853
-96.363911	42.320845
-96.482792	42.513065
# -b
-95.761947	40.600248
-95.682155	40.598781
# -b
-95.682155	40.598781
-95.430530	40.592767
-95.175532	40.588074
-95.000033	40.585433
# -b
-90.000027	47.234311
-90.412117	46.584971
-90.412557	46.584164
# -b
-92.773913	44.999977
-92.761079	45.251968
-92.762472	45.257469
# -b
-92.762472	45.257469
-92.728370	45.510854
-92.804715	45.761378
-92.554704	45.960566
-92.310853	46.076954
# -b
-92.310853	46.076954
-92.293032	46.333346
-92.292958	46.512512
# -b
-92.292958	46.512512
-92.292445	46.598465
# -b
-92.292445	46.598465
-92.292518	46.666083
-92.290832	46.665276
# -b
-92.290832	46.665276
-92.210966	46.667550
# -b
-92.210966	46.667550
-92.142468	46.753356
# -b
-92.142468	46.753356
-92.109979	46.768611
# -b
-90.000027	46.316845
-90.258326	46.515299
-90.412557	46.584164
# -b
-92.108732	46.768757
-91.590155	46.888886
-91.335816	46.999994
-90.999999	47.151731
-90.740820	47.267753
-90.091920	47.288581
-90.000027	47.291881
# -b
-90.000027	42.506391
-90.250845	42.508298
-90.503863	42.509985
-90.630592	42.511232
# -b
-90.630592	42.511232
-90.636973	42.511745
# -b
-91.220748	43.500863
-91.245023	43.590849
# -b
-91.245023	43.590849
-91.265851	43.725279
# -b
-91.265851	43.725279
-91.265851	43.784170
# -b
-91.265851	43.784170
-91.285066	43.834407
# -b
-91.285066	43.834407
-91.348871	43.918306
# -b
-91.348871	43.918306
-91.602475	44.041368
-91.853880	44.200586
-92.091644	44.408868
# -b
-92.091644	44.408868
-92.125160	44.422215
# -b
-92.125160	44.422215
-92.377811	44.562219
-92.593060	44.612529
# -b
-92.593060	44.612529
-92.816963	44.752239
# -b
-92.816963	44.752239
-92.772813	44.985309
# -b
-92.772813	44.985309
-92.773913	44.999977
# -b
-95.000033	43.499983
-94.901392	43.499983
# -b
-94.901392	43.499983
-94.650574	43.499469
-94.400563	43.499689
-94.150552	43.499469
-93.900540	43.499689
-93.650529	43.499983
-93.400298	43.499689
-93.264695	43.499469
# -b
-93.264695	43.499469
-93.144860	43.499689
# -b
-93.144860	43.499689
-92.884434	43.499983
-92.634203	43.499689
-92.367470	43.499689
-92.100811	43.499689
-91.833859	43.499469
-91.568080	43.499689
-91.317482	43.499689
-91.265998	43.499469
# -b
-91.265998	43.499469
-91.244803	43.499983
# -b
-91.244803	43.499983
-91.220748	43.500863
# -b
-90.636973	42.511745
-90.894171	42.684751
-91.141102	42.936669
-91.151956	43.002233
# -b
-91.151956	43.002233
-91.161931	43.079752
# -b
-91.161931	43.079752
-91.116387	43.333064
-91.187526	43.357779
# -b
-91.187526	43.357779
-91.232189	43.451946
# -b
-91.232189	43.451946
-91.222508	43.494702
# -b
-91.222508	43.494702
-91.220748	43.500863
# -b
-91.440030	40.376638
-91.308901	40.625256
# -b
-91.308901	40.625256
-91.102233	40.802222
# -b
-91.102233	40.802222
-90.947488	41.055314
-91.034688	41.161361
# -b
-91.034688	41.161361
-91.033368	41.413353
-90.780570	41.448042
-90.530265	41.522774
-90.277760	41.769998
-90.189974	41.830283
# -b
-90.189974	41.830283
-90.170246	41.900248
# -b
-90.170246	41.900248
-90.228330	42.151139
-90.480542	42.380249
-90.636973	42.511745
# -b
-95.000033	40.585433
-94.746648	40.583893
-94.492236	40.582793
-94.237531	40.580813
-93.984146	40.578613
-93.728855	40.584187
-93.510159	40.587120
# -b
-93.510159	40.587120
-93.259708	40.589980
-93.004709	40.592474
-92.748318	40.596361
-92.493026	40.600028
-92.236414	40.606922
-91.985523	40.616089
-91.739985	40.626943
# -b
-91.739985	40.626943
-91.621910	40.506961
# -b
-91.621910	40.506961
-91.440030	40.376638
# -b
-91.490487	39.999971
-91.507209	40.254970
-91.500021	40.285845
# -b
-91.500021	40.285845
-91.497528	40.291126
# -b
-91.497528	40.291126
-91.440030	40.376638
# -b
-89.964751	47.288581
-90.000027	47.234311
# -b
-87.596941	45.104191
-87.344730	45.236641
-87.085258	45.447782
-86.827253	45.452769
-86.573354	45.376644
-86.322756	45.272503
-86.271933	45.250868
# -b
-87.596941	45.104191
-87.652239	45.356916
-87.787768	45.608614
-87.799576	45.683273
# -b
-87.799576	45.683273
-88.055821	45.783893
-88.313019	45.973327
-88.563617	46.018357
-88.816415	46.034198
-88.833357	46.035298
# -b
-88.833357	46.035298
-89.084468	46.135258
# -b
-89.084468	46.135258
-89.139179	46.151980
# -b
-89.139179	46.151980
-89.394690	46.201923
-89.409725	46.204417
# -b
-89.409725	46.204417
-89.463335	46.214977
# -b
-89.463335	46.214977
-89.720827	46.263894
-89.979712	46.312811
-90.000027	46.316845
# -b
-89.964751	47.288581
-89.591971	47.865829
-89.511079	48.002239
# -b
-90.000027	47.291881
-89.964751	47.288581
# -b
-86.631805	44.999977
-86.795277	44.755539
# -b
-86.972536	44.298347
-87.036928	44.088891
-87.035534	44.089478
# -b
-87.171357	43.512523
-87.160870	43.257232
-87.151116	43.208022
# -b
-87.801116	42.491650
-87.929972	42.492897
# -b
-87.929972	42.492897
-88.116765	42.493924
# -b
-88.116765	42.493924
-88.376091	42.495024
-88.629989	42.495537
-88.706921	42.495317
# -b
-88.706921	42.495317
-88.963019	42.496417
-89.216698	42.497224
-89.473089	42.500304
-89.726107	42.503604
-89.978906	42.506098
-90.000027	42.506391
# -b
-87.043308	42.835241
-87.015000	42.583323
-87.041401	42.490037
# -b
-87.041401	42.490037
-87.232228	42.490550
# -b
-87.041401	42.490037
-87.076677	42.382229
# -b
-87.078364	41.770292
-87.238022	41.765818
# -b
-87.217487	41.842237
-87.238022	41.765818
# -b
-87.238022	41.765818
-87.341650	41.764131
# -b
-87.457158	41.768092
-87.521109	41.717195
# -b
-85.000022	41.759731
-85.250840	41.759731
-85.501144	41.759438
-85.767217	41.759731
-86.017228	41.759731
-86.115135	41.759658
# -b
-86.115135	41.759658
-86.367200	41.759731
-86.617211	41.759144
-86.782956	41.759438
# -b
-86.782956	41.759438
-86.837520	41.759731
# -b
-87.529616	39.999971
-87.529176	40.251669
-87.527196	40.505568
-87.526536	40.742598
# -b
-87.526536	40.742598
-87.525583	40.999430
-87.524703	41.172215
# -b
-87.524703	41.172215
-87.523896	41.425014
-87.522869	41.491238
# -b
-87.522869	41.491238
-87.522649	41.538248
# -b
-87.522649	41.538248
-87.522209	41.700327
# -b
-87.522209	41.700327
-87.521109	41.717195
# -b
-83.464165	41.738316
-83.508168	41.735969
# -b
-83.508168	41.735969
-83.765806	41.724968
-84.021685	41.719468
-84.275583	41.713601
-84.480344	41.708101
# -b
-84.480344	41.708101
-84.736369	41.701353
-84.796140	41.700253
# -b
-80.520280	40.641684
-80.520280	40.642051
# -b
-80.520280	40.642051
-80.519987	40.656425
# -b
-80.519987	40.656425
-80.520280	40.843292
# -b
-80.520280	40.843292
-80.519473	41.033019
# -b
-80.519473	41.033019
-80.519693	41.233307
# -b
-80.519693	41.233307
-80.519693	41.488598
-80.519987	41.754964
-80.519253	41.960972
# -b
-80.519253	41.960972
-80.520280	41.976080
# -b
-84.796140	41.700253
-84.798854	41.450022
-84.798634	41.446502
# -b
-84.798634	41.446502
-84.798414	41.389444
# -b
-84.798414	41.389444
-84.797974	41.178449
# -b
-84.797974	41.178449
-84.798194	40.953153
# -b
-84.798194	40.953153
-84.800394	40.781834
# -b
-84.800394	40.781834
-84.803327	40.574433
# -b
-84.803327	40.574433
-84.806701	40.319434
-84.810808	40.065023
-84.811541	39.999971
# -b
-84.796140	41.700253
-85.000022	41.759731
# -b
-80.519693	39.999971
-80.519693	40.254970
-80.519987	40.504981
-80.520280	40.641684
# -b
-80.737509	39.999971
-80.657790	40.249983
-80.617967	40.499994
-80.520867	40.641977
# -b
-80.520867	40.641977
-80.520280	40.641684
# -b
-75.000010	41.520134
-75.053914	41.772785
-75.309426	41.961925
-75.340815	41.999475
# -b
-75.340815	41.999475
-75.595813	41.998595
-75.607181	41.998961
# -b
-75.607181	41.998961
-75.750778	41.998961
# -b
-75.750778	41.998961
-75.789940	41.999035
# -b
-75.789940	41.999035
-76.046699	41.999181
-76.312478	41.998595
-76.481083	41.998668
# -b
-76.481083	41.998668
-76.552002	41.998961
# -b
-76.552002	41.998961
-76.812794	41.999181
-77.062805	41.998888
-77.329978	41.998595
-77.595830	41.998888
-77.846135	41.998888
-77.870850	41.999035
# -b
-77.870850	41.999035
-78.129735	41.998888
-78.334716	41.998888
# -b
-78.334716	41.998888
-78.595802	41.998595
-78.846400	41.998888
-78.946654	41.998595
# -b
-78.946654	41.998595
-79.212799	41.999181
-79.473958	41.998961
# -b
-79.473958	41.998961
-79.729470	41.998888
-79.762472	42.234965
# -b
-79.762472	42.234965
-79.763059	42.266647
# -b
-75.040200	39.999971
-75.025312	40.011119
-75.028612	40.012219
# -b
-75.028612	40.012219
-75.026926	40.015006
# -b
-75.026926	40.015006
-75.000010	40.018746
# -b
-75.000010	40.404947
-75.195018	40.659432
-75.194138	40.683340
# -b
-75.194138	40.683340
-75.104445	40.934158
-75.110092	40.937532
# -b
-75.110092	40.937532
-75.000010	41.067561
# -b
-71.063048	44.999977
-71.081676	45.250868
-71.085269	45.307779
# -b
-73.348058	44.999977
-73.353045	45.009438
# -b
-71.533662	44.999977
-71.481078	45.021978
# -b
-71.481078	45.021978
-71.494132	45.020585
# -b
-72.464915	42.729121
-72.486917	42.729634
# -b
-72.486917	42.729634
-72.744188	42.736088
-72.997500	42.742248
-73.253305	42.751122
# -b
-70.813036	42.877485
-71.065248	42.819694
-71.107344	42.821821
# -b
-71.107344	42.821821
-71.363883	42.702499
-71.410159	42.703232
# -b
-71.410159	42.703232
-71.667504	42.709466
-71.922209	42.714159
-72.178601	42.721127
-72.432206	42.728314
-72.464915	42.729121
# -b
-73.253305	42.751122
-73.357519	42.500524
-73.410250	42.356560
# -b
-73.410250	42.356560
-73.501703	42.105009
-73.480581	42.054479
# -b
-73.480581	42.054479
-73.229177	42.049198
-72.978579	42.043038
-72.719473	42.037758
-72.612326	42.034897
# -b
-72.612326	42.034897
-72.593111	42.022797
# -b
-72.593111	42.022797
-72.335839	42.033064
-72.082234	42.031670
-71.829729	42.028297
-71.800834	42.010842
# -b
-71.800834	42.010842
-71.797534	41.757751
-71.793354	41.504733
-71.838163	41.375070
# -b
-71.838163	41.375070
-71.845864	41.318893
# -b
-73.480581	42.054479
-73.505003	41.803367
-73.529131	41.551669
-73.545266	41.295278
-73.673902	41.043580
-73.659307	41.032065
# -b
-73.659307	41.032065
-73.645520	41.007497
# -b
-70.737498	43.078066
-70.816410	43.245864
# -b
-70.816410	43.245864
-70.965801	43.498589
-70.971668	43.752487
-70.989709	44.003085
-71.007530	44.253903
-71.018678	44.402341
# -b
-71.018678	44.402341
-71.037233	44.659686
-71.041633	44.715863
# -b
-71.041633	44.715863
-71.042513	44.730018
# -b
-71.042513	44.730018
-71.043026	44.737791
# -b
-71.043026	44.737791
-71.048087	44.803576
# -b
-71.048087	44.803576
-71.063048	44.999977
# -b
-73.253305	42.751122
-73.260272	43.008027
-73.250005	43.263612
-73.239444	43.519417
-73.408343	43.569434
# -b
-73.408343	43.569434
-73.367493	43.745814
# -b
-73.367493	43.745814
-73.408049	43.996412
-73.317476	44.250016
-73.310216	44.500028
-73.343878	44.755539
-73.346298	44.989196
# -b
-73.346298	44.989196
-73.348058	44.999977
# -b
-72.464915	42.729121
-72.506131	42.979132
-72.450541	43.131383
# -b
-72.450541	43.131383
-72.406684	43.383081
-72.396417	43.481135
# -b
-72.396417	43.481135
-72.281642	43.732246
-72.104456	43.982257
-72.046078	44.234175
-71.791373	44.397794
-71.581405	44.651105
-71.504986	44.905297
-71.533662	44.999977
# -b
-74.699982	41.356589
-74.952780	41.481924
-75.000010	41.520134
# -b
-71.128026	41.510820
-71.196084	41.671358
# -b
-71.196084	41.671358
-71.236640	41.709201
# -b
-71.236640	41.709201
-71.337334	41.865119
# -b
-71.337334	41.865119
-71.592186	42.014143
-71.800834	42.010842
# -b
-73.901105	40.499187
-74.151116	40.485546
-74.011406	40.739444
-74.003999	40.763646
# -b
-74.003999	40.763646
-73.893331	40.984689
-73.904478	40.989456
# -b
-73.904478	40.989456
-74.157790	41.107237
-74.414695	41.225533
-74.537464	41.281123
# -b
-74.537464	41.281123
-74.699982	41.356589
# -b
-75.000010	40.018746
-74.748899	40.133594
-74.761367	40.196372
# -b
-74.761367	40.196372
-75.000010	40.404947
# -b
-75.000010	41.067561
-74.786375	41.319699
-74.699982	41.356589
# -b
-114.999982	35.298600
-115.252413	35.499988
-115.360294	35.585501
# -b
-115.360294	35.585501
-115.612506	35.784689
-115.870291	35.986663
-116.121402	36.181377
-116.373907	36.376385
-116.592456	36.543230
# -b
-116.592456	36.543230
-116.842761	36.733617
-117.098859	36.926644
-117.356644	37.118644
-117.607242	37.304704
-117.859454	37.489738
-118.112472	37.674698
-118.367250	37.859144
-118.623055	38.042491
-118.880034	38.226131
-119.138332	38.408304
-119.389737	38.584756
-119.492557	38.656115
# -b
-119.492557	38.656115
-119.680744	38.787318
# -b
-119.680744	38.787318
-119.938089	38.964430
-119.941976	38.967217
# -b
-119.941976	38.967217
-119.999987	39.006527
# -b
-115.034744	32.271403
-114.999982	32.316286
# -b
-114.040273	37.003063
-114.042253	37.266422
-114.042253	37.532788
-114.042033	37.702786
# -b
-114.042033	37.702786
-114.041960	37.965852
-114.042473	38.216377
-114.042473	38.482742
-114.042253	38.733047
-114.042253	38.999413
-114.041666	39.249717
-114.042473	39.499729
-114.042473	39.765801
-114.041960	39.999971
# -b
-114.630575	34.999966
-114.885867	35.206634
-114.999982	35.298600
# -b
-109.999976	36.999689
-110.250574	36.999689
-110.500805	36.999469
-110.767245	36.999689
-111.017256	36.999469
-111.211163	36.999763
# -b
-111.211163	36.999763
-111.234338	36.999983
# -b
-111.234338	36.999983
-111.389816	36.999689
# -b
-111.389816	36.999689
-111.411084	36.999469
# -b
-111.411084	36.999469
-111.445847	36.999689
# -b
-111.445847	36.999689
-111.504224	36.999983
# -b
-111.504224	36.999983
-111.767510	36.999469
-112.034462	36.999689
-112.300241	36.999983
-112.523997	36.999543
# -b
-112.523997	36.999543
-112.784203	36.999469
-113.050862	36.999469
-113.317228	36.999689
-113.567239	36.999689
-113.696901	36.999983
# -b
-113.696901	36.999983
-113.950286	36.999983
-114.040273	37.003063
# -b
-114.623021	34.999966
-114.574471	35.249977
-114.582758	35.341357
# -b
-114.582758	35.341357
-114.643043	35.619457
-114.642529	35.621144
# -b
-114.642529	35.621144
-114.661084	35.875849
-114.734203	36.010572
# -b
-114.734203	36.010572
-114.482285	36.142654
-114.216359	36.019739
-114.041960	36.210273
# -b
-114.041960	36.210273
-114.041960	36.466078
-114.042473	36.716089
-114.042253	36.803068
# -b
-114.042253	36.803068
-114.040273	37.003063
# -b
-114.810841	32.504180
-114.827196	32.487899
# -b
-114.827196	32.487899
-114.831303	32.485845
# -b
-114.831303	32.485845
-114.891661	32.489879
# -b
-114.891661	32.489879
-114.904935	32.489952
# -b
-114.904935	32.489952
-114.937717	32.471031
# -b
-114.937717	32.471031
-114.970353	32.409646
# -b
-114.970353	32.409646
-114.999982	32.316286
# -b
-114.621921	34.992192
-114.623021	34.999966
# -b
-114.718361	32.718622
-114.614147	32.731676
# -b
-114.614147	32.731676
-114.612387	32.731090
# -b
-114.612387	32.731090
-114.536042	32.730649
# -b
-114.536042	32.730649
-114.461090	32.887227
# -b
-114.461090	32.887227
-114.499152	33.003616
# -b
-114.499152	33.003616
-114.500032	33.006109
# -b
-114.500032	33.006109
-114.500839	33.008603
# -b
-114.500839	33.008603
-114.675825	33.261694
-114.586865	33.500118
# -b
-114.586865	33.500118
-114.584445	33.505838
# -b
-114.584445	33.505838
-114.536775	33.598392
# -b
-114.536775	33.598392
-114.508026	33.853023
-114.500032	33.904507
# -b
-114.500032	33.904507
-114.502233	33.908027
# -b
-114.502233	33.908027
-114.314632	34.146451
# -b
-114.314632	34.146451
-114.314339	34.146598
# -b
-114.314339	34.146598
-114.124686	34.310290
# -b
-114.124686	34.310290
-114.376090	34.477502
-114.375284	34.539986
# -b
-114.375284	34.539986
-114.473264	34.717685
# -b
-114.473264	34.717685
-114.481624	34.731106
# -b
-114.481624	34.731106
-114.487198	34.741374
# -b
-114.487198	34.741374
-114.558043	34.806865
# -b
-114.558043	34.806865
-114.621921	34.992192
# -b
-114.621921	34.992192
-114.630575	34.999966
# -b
-109.046354	34.999966
-109.046941	35.266405
-109.046574	35.353384
# -b
-109.046574	35.353384
-109.046134	35.616377
-109.046648	35.882742
-109.046354	36.149182
-109.046648	36.399706
-109.046354	36.665852
-109.046941	36.916377
-109.046648	36.999689
# -b
-109.046648	36.999689
-109.046281	37.052346
# -b
-109.046281	37.052346
-109.046648	37.316365
-109.047234	37.582511
-109.046648	37.832742
-109.046354	38.098888
-109.046648	38.349413
-109.046354	38.599424
-109.046648	38.865863
-109.046354	39.105314
# -b
-109.046354	39.105314
-109.046354	39.121155
# -b
-109.046354	39.121155
-109.046941	39.382240
-109.043861	39.647799
-109.046648	39.899424
-109.046134	39.999971
# -b
-109.046648	36.999689
-109.300546	36.999689
-109.551144	36.999689
-109.817510	36.999469
-109.999976	36.999689
# -b
-104.999971	36.999689
-105.250862	36.999689
-105.517521	36.999983
-105.708568	37.000203
# -b
-105.708568	37.000203
-105.967527	36.999689
-106.217758	36.999983
-106.483904	36.999983
-106.734135	36.999689
-106.984146	36.999689
-107.234158	36.999689
-107.380248	36.999836
# -b
-107.380248	36.999836
-107.634146	36.999689
-107.884451	36.999983
-108.150523	36.999689
-108.400828	36.999469
-108.650839	36.999469
-108.900851	36.999689
-108.991350	36.999836
# -b
-108.991350	36.999836
-109.046648	36.999689
# -b
-108.967515	31.332889
-108.973309	31.300767
# -b
-109.047528	31.332522
-109.046648	31.583340
-109.046941	31.796242
# -b
-109.046941	31.796242
-109.046941	32.049407
-109.046134	32.207305
# -b
-109.046134	32.207305
-109.046794	32.230774
# -b
-109.046794	32.230774
-109.046941	32.483058
-109.046208	32.641763
# -b
-109.046208	32.641763
-109.046721	32.729256
# -b
-109.046721	32.729256
-109.046648	32.983081
-109.046648	33.107977
# -b
-109.046648	33.107977
-109.046574	33.220918
# -b
-109.046574	33.220918
-109.046354	33.482810
-109.046354	33.713167
# -b
-109.046354	33.713167
-109.046941	33.735755
# -b
-109.046941	33.735755
-109.046648	33.825228
# -b
-109.046648	33.825228
-109.046354	34.082500
-109.046941	34.161339
# -b
-109.046941	34.161339
-109.046354	34.416411
-109.046354	34.682483
-109.046941	34.932788
-109.046354	34.999966
# -b
-106.521673	31.778348
-106.538614	31.794116
# -b
-106.538614	31.794116
-106.664170	31.999977
# -b
-106.664170	31.999977
-106.596405	31.999830
# -b
-106.596405	31.999830
-106.583131	31.999977
# -b
-106.583131	31.999977
-106.323072	31.999977
# -b
-106.323072	31.999977
-106.321385	31.999977
# -b
-106.321385	31.999977
-106.066974	31.999464
-105.800828	31.999757
-105.533582	31.999464
-105.266923	31.999757
-105.016912	31.999757
-104.999971	31.999684
# -b
-103.000834	36.999689
-102.734981	36.999689
-102.484457	36.999689
-102.218604	36.999983
-102.012743	36.999689
# -b
-103.000247	36.500107
-103.000540	36.766106
-103.000834	36.999689
# -b
-99.999965	39.999751
-100.251076	39.999971
-100.501088	39.999458
-100.751392	39.999751
-101.001697	39.999751
-101.267256	39.999971
-101.518367	39.999458
-101.530248	39.999825
# -b
-101.530248	39.999825
-101.785026	39.999458
-102.024477	39.999971
# -b
-102.012743	36.999689
-102.015310	37.255568
-102.016410	37.508072
-102.017510	37.760284
-102.018610	38.012495
-102.018316	38.030683
# -b
-102.018316	38.030683
-102.018316	38.047184
# -b
-102.018316	38.047184
-102.018096	38.138858
# -b
-102.018096	38.138858
-102.019197	38.390849
-102.020297	38.643061
-102.021103	38.895272
-102.020663	38.924314
# -b
-102.020663	38.924314
-102.021397	39.175572
-102.022790	39.427784
-102.023450	39.650220
# -b
-102.023450	39.650220
-102.023597	39.904191
-102.024477	39.999971
# -b
-103.000834	36.999689
-103.251138	36.999689
-103.518091	36.999983
-103.784970	36.999983
-103.865202	36.999983
# -b
-103.865202	36.999983
-104.118074	36.999689
-104.384440	36.999469
-104.491514	36.999469
# -b
-104.491514	36.999469
-104.751426	36.999983
-104.999971	36.999689
# -b
-99.999965	36.999469
-100.251370	36.999983
-100.501674	36.999983
-100.768333	36.999469
-101.035286	36.999689
-101.301945	36.999469
-101.568311	36.999983
-101.834750	36.999983
-102.012743	36.999689
# -b
-103.041683	34.999966
-103.041390	35.249977
-103.041830	35.390640
# -b
-103.041830	35.390640
-103.041683	35.649966
-103.041390	35.916111
-103.041977	36.166636
-103.041537	36.396626
# -b
-103.041537	36.396626
-103.000247	36.500107
# -b
-100.000258	34.999966
-100.000552	35.266405
-100.000845	35.516636
-100.001138	35.783369
-100.000772	35.882449
# -b
-100.000772	35.882449
-100.000625	36.127693
# -b
-100.000625	36.127693
-100.000845	36.382765
-100.259144	36.499740
-100.525289	36.500033
-100.775521	36.500033
-101.041666	36.499740
-101.308326	36.499740
-101.574985	36.500033
-101.825583	36.499740
-102.091655	36.500033
-102.341666	36.499447
-102.591678	36.499740
-102.841689	36.499447
-103.000247	36.500107
# -b
-104.999971	31.999684
-104.734411	31.999464
-104.505155	31.999830
# -b
-104.505155	31.999830
-104.250817	31.999757
-104.045909	31.999830
# -b
-104.045909	31.999830
-104.021634	31.999830
# -b
-104.021634	31.999830
-103.971103	31.999464
# -b
-103.971103	31.999464
-103.918300	31.999757
# -b
-103.918300	31.999757
-103.667775	31.999757
-103.417764	31.999757
-103.167239	31.999757
-103.133283	31.999977
# -b
-103.133283	31.999977
-103.065812	32.249988
-103.065885	32.422921
# -b
-103.065885	32.422921
-103.066105	32.591600
# -b
-103.066105	32.591600
-103.066032	32.728156
# -b
-103.066032	32.728156
-103.065592	32.983301
-103.065152	33.102843
# -b
-103.065152	33.102843
-103.061411	33.253774
# -b
-103.061411	33.253774
-103.054444	33.505032
-103.048357	33.755850
-103.048210	33.758050
# -b
-103.048210	33.758050
-103.041977	34.016642
-103.041977	34.266653
-103.041537	34.394409
# -b
-103.041537	34.394409
-103.041390	34.401376
# -b
-103.041390	34.401376
-103.041830	34.509477
# -b
-103.041830	34.509477
-103.041977	34.766382
-103.041537	34.793591
# -b
-103.041537	34.793591
-103.041610	34.827620
# -b
-103.041610	34.827620
-103.041683	34.999966
# -b
-99.999965	34.580322
-100.000038	34.689303
# -b
-100.000038	34.689303
-100.000552	34.900592
# -b
-100.000552	34.900592
-100.000258	34.999966
# -b
-95.000033	39.445018
-95.000033	39.674421
# -b
-95.318029	39.999751
-95.318322	39.999971
# -b
-95.318322	39.999971
-95.667487	39.999971
-95.934440	39.999971
-96.217233	39.999971
-96.500027	39.999971
-96.750845	39.999971
-97.001076	39.999971
-97.267809	39.999971
-97.534468	39.999971
-97.801127	39.999458
-97.947364	39.999971
# -b
-97.947364	39.999971
-98.200822	39.999751
-98.467482	39.999971
-98.734141	39.999458
-98.999993	39.999751
-99.251105	39.999458
-99.517470	39.999458
-99.783909	39.999458
-99.999965	39.999751
# -b
-95.000033	36.999983
-95.032595	36.999983
# -b
-95.032595	36.999983
-95.284146	36.999689
-95.534451	36.999689
-95.784462	36.999983
-96.034474	36.999469
-96.300839	36.999689
-96.550851	36.999689
-96.800862	36.999689
-96.928618	36.999616
# -b
-96.928618	36.999616
-97.030778	36.999763
# -b
-97.030778	36.999763
-97.284163	36.999469
-97.550529	36.999689
-97.817482	36.999983
-98.067493	36.999469
-98.333639	36.999469
-98.513758	36.999689
# -b
-98.513758	36.999689
-98.767510	36.999689
-99.033582	36.999469
-99.283594	36.999983
-99.534192	36.999689
-99.800557	36.999689
-99.999965	36.999469
# -b
-95.000033	33.853757
-95.021301	33.860797
# -b
-95.021301	33.860797
-95.273072	33.904434
-95.488321	33.875832
# -b
-95.488321	33.875832
-95.740826	33.891379
-95.993917	33.862777
-96.248916	33.760250
-96.500027	33.785479
-96.534056	33.821488
# -b
-96.534056	33.821488
-96.539410	33.822221
# -b
-96.539410	33.822221
-96.542857	33.823908
# -b
-96.542857	33.823908
-96.799469	33.874438
-96.986922	33.901134
# -b
-96.986922	33.901134
-97.152374	33.728054
# -b
-97.152374	33.728054
-97.173349	33.743896
# -b
-97.173349	33.743896
-97.428054	33.819728
-97.678578	33.980559
-97.861631	33.859991
# -b
-97.861631	33.859991
-97.945971	33.877225
# -b
-97.945971	33.877225
-97.949858	33.928929
# -b
-97.949858	33.928929
-97.947291	33.955844
# -b
-97.947291	33.955844
-97.962765	33.991927
# -b
-97.962765	33.991927
-98.087221	34.132737
# -b
-98.087221	34.132737
-98.341633	34.139191
-98.541407	34.109708
# -b
-98.541407	34.109708
-98.581376	34.151952
# -b
-98.581376	34.151952
-98.835275	34.154738
-99.089466	34.210256
-99.094160	34.210916
# -b
-99.094160	34.210916
-99.344758	34.447799
-99.346445	34.452566
# -b
-99.346445	34.452566
-99.358106	34.463274
# -b
-99.358106	34.463274
-99.608337	34.378054
-99.859742	34.546366
-99.987351	34.572475
# -b
-99.987351	34.572475
-99.999965	34.580322
# -b
-94.618305	36.499740
-94.617792	36.749751
-94.617865	36.837171
# -b
-94.617865	36.837171
-94.618085	36.999689
# -b
-90.310909	34.999966
-90.050264	35.001946
-90.043810	35.001946
# -b
-90.043810	35.001946
-90.000027	35.001946
# -b
-94.449553	34.999966
-94.448673	35.022701
# -b
-94.448673	35.022701
-94.442219	35.276966
-94.439432	35.387047
# -b
-94.439432	35.387047
-94.468915	35.641678
-94.512771	35.896090
-94.555821	36.150282
-94.600264	36.404180
-94.618305	36.499740
# -b
-95.000033	39.674421
-94.957790	39.901918
-95.000033	39.902284
# -b
-94.618085	36.999689
-94.618085	37.249701
-94.618085	37.499712
-94.618232	37.611700
# -b
-94.618232	37.611700
-94.617792	37.866111
-94.618305	38.133064
-94.617939	38.207503
# -b
-94.617939	38.207503
-94.618085	38.465801
-94.618085	38.716399
-94.618085	38.966410
-94.618159	39.072018
# -b
-94.618159	39.072018
-94.618012	39.102307
# -b
-94.618012	39.102307
-94.618525	39.121522
# -b
-94.618525	39.121522
-94.870003	39.278026
-94.906086	39.385834
# -b
-94.906086	39.385834
-95.000033	39.445018
# -b
-90.000027	37.961525
-90.252239	38.125803
-90.355866	38.378088
-90.190854	38.629200
# -b
-90.190854	38.629200
-90.127196	38.814966
# -b
-90.127196	38.814966
-90.195841	38.880311
# -b
-90.195841	38.880311
-90.446366	38.966410
-90.480248	38.959443
# -b
-90.480248	38.959443
-90.730553	39.193613
-90.982251	39.411649
-91.233582	39.624991
-91.451398	39.879696
-91.490487	39.999971
# -b
-94.618085	36.999689
-94.763442	36.999469
# -b
-94.763442	36.999469
-95.000033	36.999983
# -b
-90.000027	35.994144
-90.253925	35.988057
-90.126976	36.244448
-90.159465	36.496146
-90.418057	36.500033
-90.435145	36.500033
# -b
-90.435145	36.500033
-90.528725	36.499740
# -b
-90.528725	36.499740
-90.784750	36.499447
-91.051923	36.500033
-91.301934	36.500033
-91.537057	36.499520
# -b
-91.537057	36.499520
-91.801956	36.499740
-92.068029	36.500033
-92.318040	36.499740
-92.584993	36.499447
-92.769293	36.499960
# -b
-92.769293	36.499960
-92.782347	36.499520
# -b
-92.782347	36.499520
-92.967820	36.499447
# -b
-92.967820	36.499447
-92.990848	36.499593
# -b
-92.990848	36.499593
-93.018864	36.499740
# -b
-93.018864	36.499740
-93.285010	36.500033
-93.551669	36.499740
-93.768604	36.499447
# -b
-93.768604	36.499447
-94.034457	36.499447
-94.284688	36.499447
-94.534993	36.499447
-94.618305	36.499740
# -b
-90.310909	34.999966
-90.302255	35.017787
# -b
-90.302255	35.017787
-90.222243	35.046682
# -b
-90.222243	35.046682
-90.090307	35.144736
# -b
-90.090307	35.144736
-90.103875	35.253057
# -b
-90.103875	35.253057
-90.172226	35.291633
-90.120009	35.313855
# -b
-90.120009	35.313855
-90.094414	35.390274
# -b
-90.094414	35.390274
-90.106368	35.483340
-90.046670	35.421296
# -b
-90.046670	35.421296
-90.015355	35.470359
# -b
-90.015355	35.470359
-90.016382	35.561079
-90.000027	35.557486
# -b
-94.484169	33.647235
-94.476908	33.900033
-94.473095	34.063212
# -b
-94.473095	34.063212
-94.466641	34.316083
-94.460554	34.568368
-94.456667	34.711598
# -b
-94.456667	34.711598
-94.456594	34.712772
# -b
-94.456594	34.712772
-94.450580	34.963590
-94.449553	34.999966
# -b
-94.041277	33.010803
-93.900834	33.011683
# -b
-93.900834	33.011683
-93.828595	33.011683
# -b
-93.828595	33.011683
-93.693139	33.011976
# -b
-93.693139	33.011976
-93.470776	33.011463
# -b
-93.470776	33.011463
-93.210571	33.011683
-93.142879	33.011683
# -b
-93.142879	33.011683
-92.877247	33.011683
-92.752425	33.011830
# -b
-92.752425	33.011830
-92.734677	33.011830
# -b
-92.734677	33.011830
-92.698961	33.011610
# -b
-92.698961	33.011610
-92.443302	33.011976
-92.176643	33.011683
-92.069716	33.011756
# -b
-92.069716	33.011756
-91.869575	33.011390
# -b
-91.869575	33.011390
-91.643912	33.011683
# -b
-91.643912	33.011683
-91.633278	33.011683
# -b
-91.633278	33.011683
-91.376959	33.011683
-91.315722	33.011976
# -b
-91.315722	33.011976
-91.229989	33.011683
# -b
-91.229989	33.011683
-91.180559	33.013590
# -b
-94.484169	33.647235
-94.623366	33.672684
# -b
-94.623366	33.672684
-94.873890	33.755850
-95.000033	33.853757
# -b
-91.165817	33.626700
-91.243630	33.573090
-91.231235	33.563996
# -b
-91.231235	33.563996
-91.195593	33.521386
# -b
-91.195593	33.521386
-91.237469	33.449148
-91.172418	33.510752
# -b
-91.172418	33.510752
-91.157237	33.501952
# -b
-91.157237	33.501952
-91.153643	33.500191
# -b
-91.153643	33.500191
-91.127535	33.464769
# -b
-91.127535	33.464769
-91.218915	33.408591
-91.124454	33.408885
# -b
-91.124454	33.408885
-91.079131	33.464989
-91.128121	33.389597
# -b
-91.128121	33.389597
-91.153277	33.355641
# -b
-91.153277	33.355641
-91.146089	33.326526
# -b
-91.146089	33.326526
-91.129808	33.282962
# -b
-91.129808	33.282962
-91.106047	33.266681
# -b
-91.106047	33.266681
-91.051923	33.282742
-91.104506	33.229425
# -b
-91.104506	33.229425
-91.097759	33.150586
# -b
-91.097759	33.150586
-91.203880	33.130565
-91.160390	33.096829
# -b
-91.160390	33.096829
-91.168458	33.034051
# -b
-91.168458	33.034051
-91.180559	33.013590
# -b
-90.689703	34.369840
-90.854935	34.215536
# -b
-90.854935	34.215536
-90.937221	34.233577
-90.885297	34.190234
# -b
-90.885297	34.190234
-90.813059	34.165006
-90.918080	34.170946
# -b
-90.918080	34.170946
-90.985331	34.022436
# -b
-90.985331	34.022436
-91.041362	33.999114
# -b
-91.041362	33.999114
-91.095852	34.005568
-91.087419	33.992147
# -b
-91.087419	33.992147
-91.041362	33.949977
# -b
-91.041362	33.949977
-91.047082	33.827282
# -b
-91.047082	33.827282
-91.006966	33.789145
-91.067764	33.791126
# -b
-91.067764	33.791126
-91.156137	33.762230
-91.149830	33.750716
# -b
-91.149830	33.750716
-91.049429	33.690798
-91.173445	33.718447
# -b
-91.173445	33.718447
-91.228889	33.706126
-91.222875	33.695785
# -b
-91.222875	33.695785
-91.182392	33.651856
# -b
-91.182392	33.651856
-91.165817	33.626700
# -b
-90.689703	34.369840
-90.679143	34.318577
-90.641887	34.386488
# -b
-90.641887	34.386488
-90.589009	34.501043
# -b
-90.589009	34.501043
-90.582776	34.518351
# -b
-90.582776	34.518351
-90.586003	34.610684
# -b
-90.586003	34.610684
-90.570748	34.703531
# -b
-90.570748	34.703531
-90.472768	34.677789
-90.553367	34.739540
# -b
-90.553367	34.739540
-90.517504	34.801145
-90.529165	34.734480
# -b
-90.529165	34.734480
-90.464700	34.739980
# -b
-90.464700	34.739980
-90.469908	34.813246
# -b
-90.469908	34.813246
-90.443066	34.885558
-90.438592	34.834441
# -b
-90.438592	34.834441
-90.356086	34.860256
# -b
-90.356086	34.860256
-90.271380	34.912473
# -b
-90.271380	34.912473
-90.310909	34.999966
# -b
-94.041277	33.010803
-94.042231	33.013296
# -b
-94.042231	33.013296
-94.043331	33.266095
-94.043404	33.413652
# -b
-94.043404	33.413652
-94.043551	33.422819
# -b
-94.043551	33.422819
-94.043917	33.433013
# -b
-94.043917	33.433013
-94.043624	33.441154
# -b
-94.043624	33.441154
-94.043404	33.447608
# -b
-94.043404	33.447608
-94.043844	33.464916
# -b
-94.043844	33.464916
-94.043624	33.474816
# -b
-94.043624	33.474816
-94.045311	33.553362
# -b
-94.045311	33.553362
-94.060492	33.555709
# -b
-94.060492	33.555709
-94.311090	33.568616
-94.484169	33.647235
# -b
-90.000027	31.000005
-90.182787	30.999712
# -b
-90.182787	30.999712
-90.434412	30.999712
-90.471008	30.999785
# -b
-90.471008	30.999785
-90.511197	31.000005
# -b
-90.511197	31.000005
-90.767222	30.999712
-91.017233	30.999712
-91.267245	30.999712
-91.326429	30.999419
# -b
-91.326429	30.999419
-91.583921	30.999419
-91.653372	31.000005
# -b
-91.653372	31.000005
-91.649706	31.251410
-91.542118	31.278252
# -b
-91.542118	31.278252
-91.519016	31.322548
# -b
-91.519016	31.322548
-91.564413	31.425809
-91.492468	31.394640
# -b
-91.492468	31.394640
-91.515789	31.522983
# -b
-91.515789	31.522983
-91.453525	31.561486
# -b
-91.453525	31.561486
-91.438270	31.565519
# -b
-91.438270	31.565519
-91.425729	31.590308
# -b
-91.425729	31.590308
-91.514689	31.630277
-91.417296	31.639078
# -b
-91.417296	31.639078
-91.280299	31.769474
-91.369479	31.792796
# -b
-91.369479	31.792796
-91.320782	31.859240
# -b
-91.320782	31.859240
-91.258591	31.825578
-91.263871	31.875741
# -b
-91.263871	31.875741
-91.077151	32.021612
# -b
-91.077151	32.021612
-91.086978	32.036353
# -b
-91.086978	32.036353
-91.165011	32.084756
-91.075684	32.090697
# -b
-91.075684	32.090697
-91.014007	32.164329
# -b
-91.014007	32.164329
-90.914413	32.302499
# -b
-90.914413	32.302499
-90.905245	32.319733
# -b
-90.905245	32.319733
-90.907006	32.329047
# -b
-90.907006	32.329047
-90.913899	32.336675
# -b
-90.913899	32.336675
-90.999412	32.375837
# -b
-90.999412	32.375837
-90.999999	32.377744
# -b
-90.999999	32.377744
-91.001539	32.391018
# -b
-91.001539	32.391018
-91.007773	32.407006
# -b
-91.007773	32.407006
-91.075538	32.440815
# -b
-91.075538	32.440815
-91.103920	32.519654
# -b
-91.103920	32.519654
-91.021120	32.639710
-91.148363	32.602527
# -b
-91.148363	32.602527
-91.168604	32.649170
# -b
-91.168604	32.649170
-91.072457	32.724929
# -b
-91.072457	32.724929
-91.158337	32.768126
# -b
-91.158337	32.768126
-91.110373	32.875347
# -b
-91.110373	32.875347
-91.092699	32.887007
# -b
-91.092699	32.887007
-91.094312	32.944798
# -b
-91.094312	32.944798
-91.144183	32.978021
-91.147483	32.963573
# -b
-91.147483	32.963573
-91.228082	32.928077
-91.180559	33.013590
# -b
-93.791413	30.000033
-93.722474	30.065231
# -b
-93.722474	30.065231
-93.699299	30.141284
# -b
-93.699299	30.141284
-93.705020	30.175533
# -b
-93.705020	30.175533
-93.724161	30.298302
# -b
-93.724161	30.298302
-93.742276	30.315463
# -b
-93.742276	30.315463
-93.721668	30.569728
-93.609093	30.761288
# -b
-93.609093	30.761288
-93.567217	31.014160
-93.530987	31.060950
# -b
-93.530987	31.060950
-93.566410	31.195526
# -b
-93.566410	31.195526
-93.705020	31.448324
-93.744916	31.474359
# -b
-93.744916	31.474359
-93.823022	31.637464
# -b
-93.823022	31.637464
-93.911395	31.889749
-94.006955	31.970495
# -b
-94.006955	31.970495
-94.017736	31.976949
# -b
-94.017736	31.976949
-94.043331	31.997484
# -b
-94.043331	31.997484
-94.043331	32.249695
-94.043331	32.383538
# -b
-94.043331	32.383538
-94.043551	32.463770
# -b
-94.043551	32.463770
-94.043331	32.487825
# -b
-94.043331	32.487825
-94.043624	32.749424
-94.043551	32.809782
# -b
-94.043551	32.809782
-94.041277	33.010803
# -b
-85.221944	36.633363
-85.211090	36.633583
# -b
-85.211090	36.633583
-85.000022	36.625589
# -b
-89.562489	36.500033
-89.491937	36.501353
# -b
-89.491937	36.501353
-89.575250	36.544477
-89.562489	36.500033
# -b
-89.425859	36.498860
-89.507778	36.456397
-89.491937	36.501353
# -b
-89.562489	36.500033
-89.583317	36.250022
-89.731094	36.000524
# -b
-88.188637	34.999966
-88.196118	35.023654
# -b
-88.196118	35.023654
-87.941926	35.021087
-87.687808	35.017787
-87.433616	35.014193
-87.179718	35.009133
-87.005612	35.006273
# -b
-87.005612	35.006273
-86.832533	35.002239
-86.833413	34.999966
# -b
-90.000027	35.001946
-89.859364	35.001946
# -b
-89.859364	35.001946
-89.600552	35.001946
-89.333599	35.001946
-89.083588	35.002239
-88.817809	35.001653
-88.609234	35.002093
# -b
-88.609234	35.002093
-88.529662	35.001799
# -b
-88.529662	35.001799
-88.267256	35.001946
-88.194871	34.999966
# -b
-88.047754	37.805314
-88.028026	38.055838
-87.886702	38.307757
-87.665806	38.559968
-87.537464	38.689191
# -b
-87.537464	38.689191
-87.532257	38.944189
-87.601415	39.194420
-87.532770	39.356938
# -b
-87.532770	39.356938
-87.532697	39.457779
# -b
-87.532697	39.457779
-87.531083	39.709990
-87.530276	39.963889
-87.529616	39.999971
# -b
-89.129718	36.981648
-89.381416	37.046113
-89.474409	37.218898
# -b
-89.474409	37.218898
-89.480276	37.471917
-89.500958	37.500005
# -b
-89.500958	37.500005
-89.502205	37.501912
# -b
-89.502205	37.501912
-89.676384	37.755003
-89.847189	37.897207
# -b
-89.847189	37.897207
-89.857457	37.902414
# -b
-89.857457	37.902414
-89.974725	37.904468
-89.952504	37.958078
# -b
-89.952504	37.958078
-89.956684	37.960278
# -b
-89.956684	37.960278
-90.000027	37.961525
# -b
-88.047754	37.805314
-87.795029	37.874472
-87.542744	37.910555
-87.505855	37.915248
# -b
-87.505855	37.915248
-87.254743	37.871685
-87.003045	37.926102
-86.748340	37.899187
-86.494735	38.048578
-86.242231	38.048358
-85.988919	38.000834
-85.843049	38.252239
-85.757243	38.267494
# -b
-85.757243	38.267494
-85.505251	38.480029
-85.430812	38.731140
-85.184468	38.691977
# -b
-85.184468	38.691977
-85.000022	38.770743
# -b
-89.129718	36.981648
-89.175848	37.021691
# -b
-89.175848	37.021691
-88.924443	37.220585
-88.669738	37.128325
-88.582465	37.082489
# -b
-88.582465	37.082489
-88.429188	37.136979
# -b
-88.429188	37.136979
-88.503333	37.351128
# -b
-88.503333	37.351128
-88.500033	37.356115
# -b
-88.500033	37.356115
-88.243861	37.459742
-88.105251	37.711954
-88.047754	37.805314
# -b
-89.425859	36.498860
-89.395277	36.578066
# -b
-89.395277	36.578066
-89.304411	36.593613
# -b
-89.304411	36.593613
-89.178635	36.661672
# -b
-89.178635	36.661672
-89.131918	36.766619
# -b
-89.131918	36.766619
-89.141452	36.798081
# -b
-89.141452	36.798081
-89.140279	36.859466
# -b
-89.140279	36.859466
-89.129718	36.981648
# -b
-89.425859	36.498860
-89.167487	36.500033
-88.916963	36.499447
-88.904495	36.499887
# -b
-88.904495	36.499887
-88.889974	36.499813
# -b
-88.889974	36.499813
-88.634169	36.499740
-88.384158	36.499447
-88.134147	36.499740
-88.057068	36.499520
# -b
-88.057068	36.499520
-88.038586	36.551077
# -b
-88.038586	36.551077
-88.039173	36.560318
# -b
-88.039173	36.560318
-88.075256	36.690567
-88.064328	36.689320
# -b
-88.064328	36.689320
-87.949187	36.680520
# -b
-87.949187	36.680520
-87.904963	36.677806
# -b
-87.904963	36.677806
-87.648058	36.648617
-87.395847	36.653091
-87.138868	36.653091
-86.880277	36.651111
-86.628065	36.652798
-86.566754	36.652724
# -b
-86.566754	36.652724
-86.308309	36.653604
-86.050010	36.640037
-85.795012	36.631970
-85.543901	36.625296
-85.500557	36.624196
# -b
-85.500557	36.624196
-85.331365	36.631089
# -b
-85.331365	36.631089
-85.255020	36.632776
# -b
-85.255020	36.632776
-85.221944	36.633363
# -b
-89.731094	36.000524
-89.987193	35.994730
-90.000027	35.994144
# -b
-90.000027	35.557486
-89.934462	35.546632
-89.954411	35.597455
# -b
-89.954411	35.597455
-89.900287	35.631411
# -b
-89.900287	35.631411
-89.954704	35.708637
# -b
-89.954704	35.708637
-89.902487	35.743032
# -b
-89.902487	35.743032
-89.809200	35.776328
# -b
-89.809200	35.776328
-89.746129	35.811971
-89.746422	35.810577
# -b
-89.746422	35.810577
-89.731094	36.000524
# -b
-86.833413	34.999966
-86.567487	34.999452
-86.317476	34.999966
-86.067465	34.999966
-85.801099	34.999452
-85.688818	34.999746
# -b
-85.688818	34.999746
-85.654349	34.999746
# -b
-85.654349	34.999746
-85.623620	34.999746
# -b
-88.188857	34.997766
-88.190104	34.999966
# -b
-88.194871	34.999966
-88.188857	34.997766
# -b
-85.623620	34.999746
-85.513318	34.999966
# -b
-85.513318	34.999966
-85.438440	34.999966
# -b
-85.438440	34.999966
-85.396197	34.999746
# -b
-85.396197	34.999746
-85.134158	34.999746
-85.000022	34.999746
# -b
-89.521493	30.188367
-89.535720	30.198928
# -b
-89.535720	30.198928
-89.626220	30.334311
# -b
-89.626220	30.334311
-89.668903	30.402516
# -b
-89.668903	30.402516
-89.689145	30.470721
# -b
-89.689145	30.470721
-89.700806	30.487368
# -b
-89.700806	30.487368
-89.785805	30.553373
# -b
-89.785805	30.553373
-89.807147	30.800524
# -b
-89.807147	30.800524
-89.731755	31.000005
# -b
-89.731755	31.000005
-89.803553	31.000005
# -b
-89.803553	31.000005
-90.000027	31.000005
# -b
-85.000022	31.031614
-85.026130	31.090578
# -b
-85.026130	31.090578
-85.055245	31.136122
# -b
-85.055245	31.136122
-85.105776	31.279205
# -b
-85.105776	31.279205
-85.037498	31.531123
-85.054439	31.603509
# -b
-85.054439	31.603509
-85.063019	31.626684
# -b
-85.063019	31.626684
-85.127777	31.880582
-85.126091	31.886816
# -b
-85.126091	31.886816
-85.060526	32.053074
# -b
-85.060526	32.053074
-85.053632	32.130520
# -b
-85.053632	32.130520
-85.000022	32.186037
# -b
-85.005962	31.000005
-85.000022	31.006092
# -b
-85.000022	32.523028
-85.003028	32.527282
# -b
-85.003028	32.527282
-85.007942	32.532195
# -b
-85.007942	32.532195
-85.018503	32.543343
# -b
-85.018503	32.543343
-85.144719	32.794161
-85.177794	32.880847
# -b
-85.177794	32.880847
-85.180581	32.886934
# -b
-85.180581	32.886934
-85.194662	32.915903
# -b
-85.194662	32.915903
-85.203609	32.992468
# -b
-85.203609	32.992468
-85.210210	33.027671
# -b
-85.210210	33.027671
-85.214977	33.052386
# -b
-85.214977	33.052386
-85.246586	33.223045
# -b
-85.246586	33.223045
-85.293303	33.473863
-85.305550	33.537667
# -b
-85.305550	33.537667
-85.332465	33.679211
# -b
-85.332465	33.679211
-85.341559	33.727834
# -b
-85.341559	33.727834
-85.344713	33.745802
# -b
-85.344713	33.745802
-85.385049	33.958044
# -b
-85.385049	33.958044
-85.385709	33.961711
# -b
-85.385709	33.961711
-85.442253	34.216710
# -b
-85.442253	34.216710
-85.451201	34.255579
# -b
-85.451201	34.255579
-85.509138	34.509477
-85.550721	34.688497
# -b
-85.550721	34.688497
-85.609465	34.942248
-85.623620	34.999746
# -b
-88.402199	30.387775
-88.406379	30.463900
# -b
-88.406379	30.463900
-88.408213	30.496536
# -b
-88.408213	30.496536
-88.422221	30.751681
-88.428014	30.855162
# -b
-88.428014	30.855162
-88.429334	30.878630
# -b
-88.429334	30.878630
-88.443049	31.133628
-88.457496	31.383639
-88.460650	31.433656
# -b
-88.460650	31.433656
-88.474731	31.688581
-88.480011	31.783775
# -b
-88.480011	31.783775
-88.468644	32.036133
-88.441069	32.253655
# -b
-88.441069	32.253655
-88.417967	32.428641
# -b
-88.417967	32.428641
-88.414813	32.457023
# -b
-88.414813	32.457023
-88.413127	32.467511
# -b
-88.413127	32.467511
-88.379977	32.722509
-88.347782	32.973620
-88.335901	33.059646
# -b
-88.335901	33.059646
-88.309426	33.265581
# -b
-88.309426	33.265581
-88.304365	33.301004
# -b
-88.304365	33.301004
-88.297252	33.353294
# -b
-88.297252	33.353294
-88.278917	33.491684
# -b
-88.278917	33.491684
-88.273637	33.532387
# -b
-88.273637	33.532387
-88.254275	33.678478
# -b
-88.254275	33.678478
-88.227140	33.881185
# -b
-88.227140	33.881185
-88.225966	33.892920
# -b
-88.225966	33.892920
-88.191424	34.146964
-88.183577	34.204609
# -b
-88.183577	34.204609
-88.148888	34.458580
-88.114418	34.709178
-88.104518	34.783177
# -b
-88.104518	34.783177
-88.087650	34.907486
# -b
-87.420269	30.480841
-87.426136	30.572368
# -b
-87.426136	30.572368
-87.591368	30.824139
-87.488987	30.999639
# -b
-87.488987	30.999639
-87.249536	30.999712
# -b
-87.249536	30.999712
-86.983904	30.999712
-86.717245	30.999712
-86.450586	30.999712
-86.346005	31.000005
# -b
-86.346005	31.000005
-86.327964	31.000005
# -b
-86.327964	31.000005
-86.067245	30.999712
-85.817234	30.999712
-85.567222	30.999712
-85.483836	31.000005
# -b
-85.483836	31.000005
-85.422452	30.999565
# -b
-85.422452	30.999565
-85.410424	30.999419
# -b
-85.410424	30.999419
-85.150586	31.000005
-85.005962	31.000005
# -b
-85.000022	30.979324
-85.005962	31.000005
# -b
-84.811541	39.999971
-84.813595	39.859821
# -b
-84.813595	39.859821
-84.817188	39.604163
-84.817482	39.560526
# -b
-84.817482	39.560526
-84.819462	39.425803
# -b
-84.819462	39.425803
-84.822762	39.171098
-84.823496	39.147997
# -b
-84.823496	39.147997
-84.823642	39.094753
# -b
-83.667533	36.603881
-83.410261	36.604981
-83.159443	36.595300
-82.905838	36.596914
-82.652233	36.597500
-82.603903	36.597500
# -b
-82.603903	36.597500
-82.345824	36.598087
-82.184333	36.597794
# -b
-82.184333	36.597794
-81.932781	36.609161
-81.679176	36.611361
-81.658862	36.609455
# -b
-85.000022	36.625589
-84.745023	36.611141
-84.493619	36.605274
-84.454529	36.604761
# -b
-84.454529	36.604761
-84.195864	36.604174
-84.103017	36.604028
# -b
-84.103017	36.604028
-83.848312	36.590020
-83.667533	36.603881
# -b
-81.658862	36.609455
-81.404450	36.578359
-81.312924	36.573299
# -b
-81.312924	36.573299
-81.190301	36.567138
# -b
-81.190301	36.567138
-81.155172	36.565085
# -b
-81.155172	36.565085
-80.898634	36.560831
-80.642755	36.556137
-80.389444	36.552764
-80.000016	36.552250
# -b
-80.000016	39.721651
-80.253034	39.721358
-80.503045	39.721651
-80.519693	39.988090
-80.519693	39.999971
# -b
-82.589749	38.413364
-82.580801	38.408304
# -b
-82.580801	38.408304
-82.328370	38.440573
-82.185580	38.693077
-82.146637	38.841588
# -b
-82.146637	38.841588
-81.890538	38.875544
-81.749142	39.126142
-81.568949	39.281986
# -b
-81.568949	39.281986
-81.462241	39.410036
# -b
-81.462241	39.410036
-81.211423	39.403875
-80.960018	39.588028
-80.820822	39.840020
-80.737509	39.999971
# -b
-82.589749	38.413364
-82.666534	38.499977
# -b
-82.666534	38.499977
-82.668588	38.501957
# -b
-82.668588	38.501957
-82.896524	38.746248
# -b
-82.896524	38.746248
-83.001398	38.719479
# -b
-83.001398	38.719479
-83.253023	38.623039
-83.503914	38.702465
-83.755832	38.652741
-84.007237	38.776977
-84.260548	38.924754
-84.511366	39.092479
-84.542242	39.088593
# -b
-84.542242	39.088593
-84.550016	39.087199
# -b
-84.550016	39.087199
-84.803327	39.101133
-84.823642	39.094753
# -b
-81.965270	37.538581
-81.824754	37.286957
-81.569462	37.204964
-81.318057	37.310865
-81.312263	37.303824
# -b
-81.312263	37.303824
-81.250586	37.270089
# -b
-81.250586	37.270089
-80.999988	37.306465
-80.870252	37.367776
# -b
-80.870252	37.367776
-80.855437	37.424833
# -b
-80.855437	37.424833
-80.736922	37.382517
# -b
-80.736922	37.382517
-80.486911	37.468323
-80.235580	37.607226
-80.242547	37.749870
# -b
-80.242547	37.749870
-80.001409	38.000028
-80.000016	38.001495
# -b
-85.000022	38.770743
-84.860018	39.020828
-84.823642	39.094753
# -b
-81.965270	37.538581
-82.215868	37.649469
-82.426643	37.901681
-82.481281	37.944070
# -b
-82.481281	37.944070
-82.464706	37.966292
# -b
-82.464706	37.966292
-82.601116	38.219970
-82.592022	38.391803
# -b
-82.592022	38.391803
-82.589749	38.413364
# -b
-83.667533	36.603881
-83.412241	36.674139
-83.161936	36.746964
-82.910312	36.880294
-82.694476	37.133312
-82.444465	37.238920
-82.192253	37.386404
-81.965270	37.538581
# -b
-84.323253	34.999966
-84.265022	35.252251
-84.013031	35.384187
-83.760013	35.562253
-83.507214	35.568340
-83.492253	35.571127
# -b
-83.492253	35.571127
-83.242242	35.719417
-82.987244	35.781682
-82.735032	36.018345
-82.484141	35.996417
-82.233323	36.150575
-81.980818	36.206386
-81.727800	36.343089
-81.668029	36.596400
-81.658862	36.609455
# -b
-80.827569	34.999966
-81.084180	35.154417
-81.338079	35.171138
-81.443686	35.175025
# -b
-81.443686	35.175025
-81.621972	35.182212
# -b
-81.621972	35.182212
-81.873084	35.191966
-82.128889	35.200840
-82.380000	35.214994
-82.632212	35.135862
-82.888090	35.059443
-83.096518	35.000552
# -b
-83.096518	35.000552
-83.097765	35.000259
# -b
-85.000022	34.999746
-84.734462	34.999746
-84.722875	34.999746
# -b
-84.722875	34.999746
-84.469710	34.992485
-84.324720	34.986911
# -b
-84.324720	34.986911
-84.066641	34.989698
-83.809736	34.993072
-83.553051	34.995565
-83.296146	34.997766
-83.097765	35.000259
# -b
-84.324720	34.986911
-84.323253	34.999966
# -b
-80.000016	34.813319
-80.255014	34.817793
-80.511113	34.821680
-80.767504	34.824980
-80.827569	34.999966
# -b
-80.893060	32.027772
-81.144171	32.178923
-81.144465	32.236934
# -b
-81.144465	32.236934
-81.212743	32.486945
-81.263347	32.532195
# -b
-81.263347	32.532195
-81.266647	32.532782
# -b
-81.266647	32.532782
-81.423885	32.785800
-81.518858	33.036911
-81.769750	33.175815
-81.925007	33.427806
-81.956910	33.481637
# -b
-81.956910	33.481637
-81.961237	33.483250
# -b
-81.961237	33.483250
-81.979425	33.492784
# -b
-81.979425	33.492784
-81.983312	33.494178
# -b
-81.983312	33.494178
-82.202521	33.657796
# -b
-82.202521	33.657796
-82.206921	33.659703
# -b
-82.206921	33.659703
-82.457519	33.891673
-82.589749	34.019942
# -b
-82.589749	34.019942
-82.752487	34.271127
-82.816658	34.357520
# -b
-82.816658	34.357520
-83.068356	34.518351
-83.162523	34.600564
# -b
-83.162523	34.600564
-83.243342	34.626379
# -b
-83.243342	34.626379
-83.227794	34.877197
-83.096372	34.999966
# -b
-83.096372	34.999966
-83.096518	35.000552
# -b
-85.000022	31.006092
-85.000022	31.031614
# -b
-85.000022	32.186037
-84.964379	32.426148
# -b
-84.964379	32.426148
-84.977580	32.446169
# -b
-84.977580	32.446169
-84.991294	32.505353
# -b
-84.991294	32.505353
-85.000022	32.523028
# -b
-81.507197	30.713618
-81.692524	30.743687
# -b
-81.692524	30.743687
-81.945029	30.821426
-82.009200	30.789157
# -b
-82.009200	30.789157
-82.016387	30.537752
-82.017634	30.530052
# -b
-82.017634	30.530052
-82.192473	30.373327
-82.231709	30.517951
# -b
-82.231709	30.517951
-82.429137	30.578675
# -b
-82.429137	30.578675
-82.684135	30.595543
-82.691102	30.596056
# -b
-82.691102	30.596056
-82.947788	30.611971
-83.048995	30.618131
# -b
-83.048995	30.618131
-83.193839	30.627372
# -b
-83.193839	30.627372
-83.447590	30.642553
# -b
-83.447590	30.642553
-83.655285	30.654287
# -b
-83.655285	30.654287
-83.897522	30.667708
# -b
-83.897522	30.667708
-84.151934	30.681936
-84.180536	30.683476
# -b
-84.180536	30.683476
-84.423140	30.696603
# -b
-84.423140	30.696603
-84.679972	30.709731
-84.794160	30.715085
# -b
-84.794160	30.715085
-84.866032	30.718385
# -b
-84.866032	30.718385
-84.918029	30.784170
# -b
-84.918029	30.784170
-84.962472	30.918893
# -b
-84.962472	30.918893
-85.000022	30.979324
# -b
-88.087650	34.907486
-88.188857	34.997766
# -b
-78.572187	33.881699
-78.824692	34.098048
-79.080863	34.315863
-79.318627	34.515931
# -b
-79.318627	34.515931
-79.569445	34.725533
-79.770319	34.808625
# -b
-79.770319	34.808625
-79.923524	34.811706
# -b
-79.923524	34.811706
-80.000016	34.813319
# -b
-75.784660	39.721211
-75.531128	39.852487
-75.436448	39.825205
# -b
-75.436448	39.825205
-75.419507	39.813691
# -b
-75.419507	39.813691
-75.400586	39.799757
# -b
-79.477478	39.721651
-79.211113	39.721651
-78.961101	39.721651
-78.766827	39.721358
# -b
-78.766827	39.721358
-78.511389	39.721358
-78.261084	39.721358
-77.999999	39.721725
-77.745001	39.721358
-77.494989	39.721358
-77.244685	39.721651
-76.994454	39.721945
-76.727501	39.721358
-76.460842	39.721945
-76.219485	39.721505
# -b
-76.219485	39.721505
-75.960819	39.721651
-75.784660	39.721211
# -b
-77.736640	39.327236
-77.486409	39.247224
-77.238891	38.994132
-77.120229	38.944262
# -b
-80.000016	36.552250
-79.458264	36.554451
# -b
-79.458264	36.554451
-78.999971	36.556284
-78.505522	36.550124
-78.496941	36.549977
# -b
-75.400586	39.799757
-75.145808	39.871702
-75.040200	39.999971
# -b
-79.477478	39.721651
-79.736364	39.721945
-79.926384	39.721945
# -b
-79.926384	39.721945
-80.000016	39.721651
# -b
-79.477478	39.721651
-79.482759	39.464966
-79.484152	39.417149
# -b
-79.484152	39.417149
-79.487526	39.204688
# -b
-79.487526	39.204688
-79.235828	39.361412
-78.985303	39.450592
-78.758614	39.625578
# -b
-78.758614	39.625578
-78.731918	39.611937
-78.754727	39.600863
# -b
-78.754727	39.600863
-78.749740	39.577468
# -b
-78.749740	39.577468
-78.570867	39.528037
# -b
-78.570867	39.528037
-78.320269	39.635552
-78.065270	39.660267
-77.812766	39.493348
-77.741114	39.330537
# -b
-77.741114	39.330537
-77.736640	39.327236
# -b
-80.000016	38.001495
-79.816963	38.251652
-79.686127	38.503057
-79.508281	38.479809
# -b
-79.508281	38.479809
-79.254969	38.458027
-79.088857	38.713026
-78.836939	38.823327
-78.585828	38.985258
-78.407762	39.240550
-78.150270	39.343077
-77.897472	39.183053
-77.866229	39.163105
# -b
-77.866229	39.163105
-77.736640	39.327236
# -b
-77.039190	38.790251
-77.022762	38.803085
# -b
-77.022762	38.803085
-76.902194	38.892778
-76.926762	38.910600
# -b
-76.926762	38.910600
-77.008755	38.972058
# -b
-77.008755	38.972058
-77.120229	38.944262
# -b
-76.182742	37.919429
-76.236939	37.898600
# -b
-76.236939	37.898600
-76.465022	37.995554
-76.453581	38.011102
# -b
-76.453581	38.011102
-76.520026	38.061412
# -b
-76.520026	38.061412
-76.594465	38.148318
# -b
-76.594465	38.148318
-76.775244	38.166653
# -b
-76.775244	38.166653
-76.904174	38.195035
# -b
-76.904174	38.195035
-76.949717	38.241385
# -b
-76.949717	38.241385
-77.204715	38.336945
-77.246372	38.332765
# -b
-77.246372	38.332765
-77.307536	38.411971
# -b
-77.307536	38.411971
-77.277247	38.535253
# -b
-77.277247	38.535253
-77.185281	38.624433
# -b
-77.185281	38.624433
-77.163646	38.630006
# -b
-77.163646	38.630006
-77.133870	38.648048
# -b
-77.133870	38.648048
-77.126683	38.681123
# -b
-77.126683	38.681123
-77.039190	38.790251
# -b
-75.043647	38.450840
-75.065282	38.453334
# -b
-75.065282	38.453334
-75.082810	38.453040
# -b
-75.082810	38.453040
-75.333041	38.453920
-75.588039	38.453920
-75.719975	38.708039
-75.728629	38.962744
-75.745864	39.213635
-75.765519	39.470540
-75.780113	39.657773
# -b
-75.780113	39.657773
-75.784660	39.721211
# -b
-76.063640	37.955291
-75.806368	37.920309
-75.644143	37.961085
# -b
-75.644143	37.961085
-75.388045	38.022763
-75.370004	38.024449
# -b
-75.370004	38.024449
-75.244741	38.037504
# -b
-75.244741	38.037504
-75.225820	38.039411
# -b
-78.496941	36.549977
-78.463866	36.549464
# -b
-78.463866	36.549464
-78.442231	36.549977
# -b
-78.442231	36.549977
-78.329436	36.549757
# -b
-78.329436	36.549757
-78.292473	36.549757
# -b
-78.292473	36.549757
-78.164644	36.549537
# -b
-78.164644	36.549537
-78.073924	36.549757
# -b
-78.073924	36.549757
-77.999999	36.549977
# -b
-77.999999	36.549977
-77.883024	36.549757
# -b
-77.883024	36.549757
-77.856915	36.549757
# -b
-77.856915	36.549757
-77.600524	36.549464
-77.538553	36.549904
# -b
-77.538553	36.549904
-77.283921	36.549757
-77.017775	36.549757
-76.767251	36.549757
-76.517239	36.549757
-76.250800	36.549757
-76.028878	36.549977
# -b
-76.028878	36.549977
-76.011570	36.549904
# -b
-76.011570	36.549904
-75.968887	36.549757
# -b
-75.968887	36.549757
-75.943365	36.549757
# -b
-75.943365	36.549757
-75.909189	36.549977
# -b
-75.909189	36.549977
-75.882787	36.549977
# -b
-75.882787	36.549977
-75.851692	36.549170
# -b
-77.039190	38.790251
-77.037650	38.835354
# -b
-77.037650	38.835354
-77.061632	38.904733
# -b
-77.061632	38.904733
-77.120229	38.944262
# -b
-93.846123	29.695825
-93.897460	29.763443
# -b
-93.897460	29.763443
-93.796693	29.994166
# -b
-93.796693	29.994166
-93.791413	30.000033
# -b
-75.546970	39.456386
-75.544696	39.503029
# -b
-75.544696	39.503029
-75.454416	39.755020
-75.400586	39.799757
# -b
-115.034744	32.271403
-114.962139	32.174596
# -b
-114.962139	32.174596
-114.959792	32.166676
# -b
-114.959792	32.166676
-114.935517	31.916444
-114.932950	31.904784
# -b
-114.932950	31.904784
-114.661671	31.731778
-114.599773	31.682274
# -b
-87.533063	30.277473
-87.429436	30.408970
# -b
-87.429436	30.408970
-87.420269	30.480841
# -b
-95.000033	39.902284
-95.251657	39.950248
