# -b
-120.000867	41.999475
-119.999987	41.999475
# -b
-119.999987	45.812055
-120.501697	45.721922
-120.641407	45.747811
# -b
-120.641407	45.747811
-120.895012	45.656651
# -b
-120.895012	45.656651
-121.401415	45.708354
-121.903344	45.666405
-122.406960	45.584999
-122.426395	45.587199
# -b
-122.426395	45.587199
-122.578059	45.614481
# -b
-122.578059	45.614481
-122.685573	45.629149
# -b
-122.685573	45.629149
-122.732217	45.659438
# -b
-122.732217	45.659438
-122.806949	45.981394
# -b
-122.806949	45.981394
-122.902802	46.099102
# -b
-122.902802	46.099102
-122.999976	46.137239
# -b
-122.999976	46.137239
-123.004743	46.138045
# -b
-123.004743	46.138045
-123.163741	46.195249
# -b
-123.163741	46.195249
-123.171368	46.194149
# -b
-123.171368	46.194149
-123.675278	46.275555
-124.085534	46.280249
# -b
-120.000867	41.999475
-120.320844	41.999695
# -b
-120.320844	41.999695
-120.479695	41.999475
# -b
-120.479695	41.999475
-120.983605	41.999695
-121.420923	41.999548
# -b
-121.420923	41.999548
-121.895497	41.999768
# -b
-121.895497	41.999768
-122.176677	41.999915
# -b
-122.176677	41.999915
-122.623676	41.999768
# -b
-122.623676	41.999768
-123.133599	41.999475
-123.633915	41.999695
-124.150585	41.999988
-124.185861	41.999475
# -b
-120.000281	39.999971
-120.000574	40.164176
# -b
-120.000574	40.164176
-120.000867	40.666106
-120.000281	41.166128
-120.000281	41.683092
-120.000867	41.999475
# -b
-119.999987	39.006527
-120.000574	39.228596
# -b
-120.000574	39.228596
-120.000574	39.440838
# -b
-120.000574	39.440838
-120.000721	39.457412
# -b
-120.000721	39.457412
-120.000867	39.966676
-120.000281	39.999971
# -b
-114.999982	46.979679
-115.500004	47.303176
-115.835308	47.807232
-116.048724	48.084452
# -b
-116.048724	48.084452
-116.048504	48.098313
# -b
-116.048504	48.098313
-116.048137	48.604862
# -b
-116.048137	48.604862
-116.048357	48.614763
# -b
-116.048357	48.614763
-116.048357	48.999717
# -b
-116.885810	46.001415
-117.022220	46.445261
# -b
-117.022220	46.445261
-117.038868	46.948877
-117.039161	47.465254
-117.038868	47.706978
# -b
-117.038868	47.706978
-117.038868	47.748634
# -b
-117.038868	47.748634
-117.039455	48.191746
# -b
-117.039455	48.191746
-117.039455	48.209861
# -b
-117.039455	48.209861
-117.038868	48.715310
-117.037919	49.000000
# -b
-116.885810	46.001415
-117.400281	45.999435
-117.900523	45.999729
-118.400839	45.999435
-118.901082	45.999435
-118.951832	45.999729
# -b
-118.951832	45.999729
-118.995542	45.998335
# -b
-118.995542	45.998335
-119.497251	45.916416
-119.560029	45.928370
# -b
-119.560029	45.928370
-119.735822	45.860019
# -b
-119.735822	45.860019
-119.999987	45.812055
# -b
-116.843861	44.999977
-116.541706	45.499999
-116.496676	45.695814
# -b
-116.496676	45.695814
-116.499976	45.700287
# -b
-116.499976	45.700287
-116.779323	45.861705
# -b
-116.779323	45.861705
-116.885810	46.001415
# -b
-119.999987	41.999475
-119.499965	41.999475
-118.983881	41.999695
-118.467797	41.999695
-117.967188	41.999475
-117.450811	41.999695
-117.016646	41.999475
# -b
-116.942794	44.106933
-116.936634	44.049142
# -b
-116.936634	44.049142
-116.993911	43.859195
# -b
-116.993911	43.859195
-117.024420	43.804191
# -b
-117.024420	43.804191
-117.017160	43.689856
# -b
-117.017160	43.689856
-117.017233	43.183086
-117.017747	42.682771
-117.016646	42.342259
# -b
-117.016646	42.342259
-117.016646	41.999475
# -b
-116.942794	44.106933
-117.201093	44.368898
# -b
-117.201093	44.368898
-116.874150	44.873908
-116.843861	44.999977
# -b
-114.999982	41.999768
-115.500004	41.999988
-116.000027	41.999695
-116.140324	41.999915
# -b
-116.140324	41.999915
-116.650540	41.999475
-117.016646	41.999475
# -b
-113.430022	44.999977
-113.754619	45.499999
-114.255448	45.500219
-114.474144	46.001929
-114.400292	46.505545
-114.901928	46.837769
-114.999982	46.979679
# -b
-111.050258	41.999695
-111.050772	42.184801
# -b
-111.050772	42.184801
-111.050845	42.215677
# -b
-111.050845	42.215677
-111.050552	42.716140
-111.050478	43.177439
# -b
-111.050478	43.177439
-111.050478	43.209855
# -b
-111.050478	43.209855
-111.049965	43.716405
-111.050552	44.233075
-111.051358	44.497754
# -b
-114.042620	41.999988
-113.534456	41.999475
-113.034141	41.999695
-112.517763	41.999475
-112.000800	41.999695
-111.945942	41.999622
# -b
-111.945942	41.999622
-111.907366	41.999842
# -b
-111.907366	41.999842
-111.401403	41.999475
-111.050258	41.999695
# -b
-111.051358	44.497754
-111.553068	44.568306
-112.053897	44.544178
-112.267312	44.555178
# -b
-112.267312	44.555178
-112.771368	44.475019
-112.829966	44.369412
# -b
-112.829966	44.369412
-113.331382	44.790008
-113.430022	44.999977
# -b
-111.051358	44.497754
-111.050258	44.683081
# -b
-111.050258	44.683081
-110.533881	44.999757
-110.483938	44.999757
# -b
-110.483938	44.999757
-109.999976	44.999757
# -b
-114.042620	41.999988
-114.550856	41.999695
-114.999982	41.999768
# -b
-109.999976	40.999430
-110.499999	41.000016
-110.852024	40.999723
# -b
-110.852024	40.999723
-111.050331	41.251861
# -b
-111.050331	41.251861
-111.050625	41.537882
# -b
-111.050625	41.537882
-111.050625	41.820602
# -b
-111.050625	41.820602
-111.050258	41.999695
# -b
-114.041960	39.999971
-114.042253	40.499701
# -b
-114.042253	40.499701
-114.041960	40.723090
# -b
-114.041960	40.723090
-114.042033	40.739884
# -b
-114.042033	40.739884
-114.042253	40.868300
# -b
-114.042253	40.868300
-114.042473	40.979188
# -b
-114.042473	40.979188
-114.041006	41.344781
# -b
-114.041006	41.344781
-114.042620	41.999988
# -b
-109.046354	40.999723
-108.534158	40.999723
-108.034135	41.000016
-107.533892	40.999430
-107.033870	40.999723
-106.517493	41.000016
-106.335026	41.000016
# -b
-106.335026	41.000016
-105.834197	40.999723
-105.334175	40.999723
-104.999971	41.000016
# -b
-109.999976	44.999757
-109.483599	44.999977
-108.967515	44.999977
-108.623851	44.999464
# -b
-108.623851	44.999464
-108.248504	44.999757
# -b
-108.248504	44.999757
-107.734180	44.999757
-107.234158	44.999977
-106.717780	44.999757
-106.217758	44.999464
-105.717222	44.999464
-105.201138	44.999757
-104.999971	44.999757
# -b
-109.046354	40.999723
-109.512201	41.000016
# -b
-109.512201	41.000016
-109.575566	40.999723
# -b
-109.575566	40.999723
-109.587226	40.999723
# -b
-109.587226	40.999723
-109.622796	40.999723
# -b
-109.622796	40.999723
-109.999976	40.999430
# -b
-109.046134	39.999971
-109.046354	40.499994
-109.046134	40.533436
# -b
-109.046134	40.533436
-109.046354	40.853999
# -b
-109.046354	40.853999
-109.046354	40.999723
# -b
-101.367216	48.998911
-101.367216	49.000000
# -b
-104.011146	45.941938
-104.014446	46.447754
-104.017233	46.933549
# -b
-104.017233	46.933549
-104.020827	47.436652
-104.023467	47.770416
# -b
-104.023467	47.770416
-104.024641	47.878664
# -b
-104.024641	47.878664
-104.025301	47.965643
# -b
-104.025301	47.965643
-104.025081	48.008620
# -b
-104.025081	48.008620
-104.025594	48.024314
# -b
-104.025594	48.024314
-104.029187	48.528590
-104.033076	49.000000
# -b
-104.011146	45.941938
-103.887644	45.940764
# -b
-103.887644	45.940764
-103.383881	45.941131
-102.867797	45.941424
-102.367188	45.941424
-101.850811	45.941424
-101.350275	45.941131
-100.833898	45.941424
-100.553011	45.941424
# -b
-100.553011	45.941424
-100.494707	45.941204
# -b
-100.494707	45.941204
-100.452611	45.941644
# -b
-100.452611	45.941644
-99.999965	45.941424
# -b
-104.043342	44.999977
-104.008066	45.483352
# -b
-104.008066	45.483352
-104.011146	45.941938
# -b
-104.021634	40.999723
-104.022220	41.186516
# -b
-104.022220	41.186516
-104.023614	41.688593
-104.024934	41.997568
# -b
-104.024934	41.997568
-104.026914	42.498911
-104.027941	42.669496
# -b
-104.027941	42.669496
-104.027794	42.678957
# -b
-104.027794	42.678957
-104.028894	43.000253
# -b
-104.999971	41.000016
-104.875442	40.999723
# -b
-104.875442	40.999723
-104.367498	40.999723
-104.021634	40.999723
# -b
-104.999971	44.999757
-104.484474	44.999757
-104.428663	44.999610
# -b
-104.428663	44.999610
-104.037181	44.999977
# -b
-104.028894	43.000253
-104.030654	43.448426
# -b
-104.030654	43.448426
-104.033074	43.954462
-104.035275	44.459178
-104.036228	44.764193
# -b
-104.036228	44.764193
-104.037181	44.999977
# -b
-99.999965	42.999740
-100.499987	42.999447
-101.000010	42.999740
-101.500033	42.999740
-102.000275	42.999740
-102.500298	42.999740
-103.000540	42.999447
-103.517504	43.000033
-104.017527	43.000033
-104.028894	43.000253
# -b
-102.024477	39.999971
-102.024624	40.060549
# -b
-102.024624	40.060549
-102.026677	40.563358
-102.179295	40.999943
# -b
-102.179295	40.999943
-102.217724	40.999723
# -b
-102.217724	40.999723
-102.351054	40.999430
# -b
-102.351054	40.999430
-102.868091	40.999430
-103.384468	40.999723
-103.884710	40.999723
-104.021634	40.999723
# -b
-96.556424	45.941644
-96.718063	46.446361
-96.785314	46.868058
# -b
-96.785314	46.868058
-96.821397	47.027202
# -b
-96.821397	47.027202
-96.863640	47.527225
-97.008337	47.909759
# -b
-97.008337	47.909759
-97.002250	47.919146
# -b
-97.002250	47.919146
-97.122745	48.422249
-97.209138	48.925865
-97.233340	48.962535
# -b
-97.233340	48.962535
-97.218599	48.999717
# -b
-99.999965	45.941424
-99.483881	45.941424
-98.967211	45.941424
-98.467188	45.941424
-98.179261	45.941424
# -b
-98.179261	45.941424
-97.667504	45.941131
-97.151420	45.941131
-96.650591	45.941424
-96.556424	45.941644
# -b
-96.453604	44.999977
-96.453677	45.296265
# -b
-96.453677	45.296265
-96.860853	45.595560
# -b
-96.860853	45.595560
-96.837531	45.643596
# -b
-96.837531	45.643596
-96.603361	45.821663
# -b
-96.603361	45.821663
-96.556424	45.941644
# -b
-95.761947	40.600248
-95.763047	40.597534
# -b
-95.763047	40.597534
-95.408089	40.096118
-95.315975	39.999971
# -b
-96.453604	43.499983
-96.453090	44.000005
-96.453897	44.500028
-96.453604	44.999977
# -b
-96.482792	42.513065
-96.498854	43.014188
-96.601968	43.497782
# -b
-96.601968	43.497782
-96.453604	43.499983
# -b
-95.000033	43.499983
-95.500862	43.499983
-95.711930	43.499616
# -b
-95.711930	43.499616
-96.217233	43.499689
-96.453604	43.499983
# -b
-96.482792	42.513065
-96.986922	42.766377
-97.284457	42.878365
# -b
-97.284457	42.878365
-97.787779	42.856950
-98.026130	42.784418
# -b
-98.026130	42.784418
-98.489703	43.003554
# -b
-98.489703	43.003554
-98.999993	42.999740
-99.500016	42.999740
-99.999965	42.999740
# -b
-95.761947	40.600248
-95.760554	40.609708
# -b
-95.760554	40.609708
-95.866602	41.049007
# -b
-95.866602	41.049007
-95.921679	41.221939
# -b
-95.921679	41.221939
-95.918305	41.233307
# -b
-95.918305	41.233307
-95.916398	41.257508
# -b
-95.916398	41.257508
-96.079724	41.565017
# -b
-96.079724	41.565017
-96.258083	42.068853
-96.482792	42.513065
# -b
-95.761947	40.600248
-95.682155	40.598781
# -b
-95.682155	40.598781
-95.175532	40.588074
-95.000033	40.585433
# -b
-90.000027	47.234311
-90.412117	46.584971
-90.412557	46.584164
# -b
-92.773913	44.999977
-92.762472	45.257469
# -b
-92.762472	45.257469
-92.809995	45.758298
-92.310853	46.076954
# -b
-92.310853	46.076954
-92.292958	46.512512
# -b
-92.292958	46.512512
-92.292445	46.598465
# -b
-92.292445	46.598465
-92.292518	46.666083
-92.290832	46.665276
# -b
-92.290832	46.665276
-92.210966	46.667550
# -b
-92.210966	46.667550
-92.142468	46.753356
# -b
-92.142468	46.753356
-92.109979	46.768611
# -b
-90.000027	46.316845
-90.412557	46.584164
# -b
-92.108732	46.768757
-91.590155	46.888886
-90.999999	47.151731
-90.499976	47.304056
-90.000027	47.291881
# -b
-90.000027	42.506391
-90.503863	42.509985
-90.630592	42.511232
# -b
-90.630592	42.511232
-90.636973	42.511745
# -b
-91.220748	43.500863
-91.245023	43.590849
# -b
-91.245023	43.590849
-91.265851	43.725279
# -b
-91.265851	43.725279
-91.265851	43.784170
# -b
-91.265851	43.784170
-91.285066	43.834407
# -b
-91.285066	43.834407
-91.348871	43.918306
# -b
-91.348871	43.918306
-91.850800	44.196113
-92.091644	44.408868
# -b
-92.091644	44.408868
-92.125160	44.422215
# -b
-92.125160	44.422215
-92.593060	44.612529
# -b
-92.593060	44.612529
-92.816963	44.752239
# -b
-92.816963	44.752239
-92.772813	44.985309
# -b
-92.772813	44.985309
-92.773913	44.999977
# -b
-95.000033	43.499983
-94.901392	43.499983
# -b
-94.901392	43.499983
-94.400563	43.499689
-93.900540	43.499689
-93.400298	43.499689
-93.264695	43.499469
# -b
-93.264695	43.499469
-93.144860	43.499689
# -b
-93.144860	43.499689
-92.634203	43.499689
-92.134180	43.499689
-91.633864	43.499469
-91.265998	43.499469
# -b
-91.265998	43.499469
-91.244803	43.499983
# -b
-91.244803	43.499983
-91.220748	43.500863
# -b
-90.636973	42.511745
-91.138022	42.921928
-91.151956	43.002233
# -b
-91.151956	43.002233
-91.161931	43.079752
# -b
-91.161931	43.079752
-91.187526	43.357779
# -b
-91.187526	43.357779
-91.232189	43.451946
# -b
-91.232189	43.451946
-91.222508	43.494702
# -b
-91.222508	43.494702
-91.220748	43.500863
# -b
-91.440030	40.376638
-91.308901	40.625256
# -b
-91.308901	40.625256
-91.102233	40.802222
# -b
-91.102233	40.802222
-91.033368	41.161141
-91.034688	41.161361
# -b
-91.034688	41.161361
-90.530265	41.522774
-90.189974	41.830283
# -b
-90.189974	41.830283
-90.170246	41.900248
# -b
-90.170246	41.900248
-90.526085	42.402250
-90.636973	42.511745
# -b
-95.000033	40.585433
-94.500010	40.582500
-93.999988	40.578760
-93.510159	40.587120
# -b
-93.510159	40.587120
-93.004709	40.592474
-92.502193	40.600028
-91.999971	40.615869
-91.739985	40.626943
# -b
-91.739985	40.626943
-91.621910	40.506961
# -b
-91.621910	40.506961
-91.440030	40.376638
# -b
-91.490487	39.999971
-91.500021	40.285845
# -b
-91.500021	40.285845
-91.497528	40.291126
# -b
-91.497528	40.291126
-91.440030	40.376638
# -b
-89.964751	47.288581
-90.000027	47.234311
# -b
-87.596941	45.104191
-87.095305	45.447489
-86.591102	45.384418
-86.271933	45.250868
# -b
-87.596941	45.104191
-87.787768	45.608614
-87.799576	45.683273
# -b
-87.799576	45.683273
-88.303339	45.972227
-88.808348	46.035298
-88.833357	46.035298
# -b
-88.833357	46.035298
-89.084468	46.135258
# -b
-89.084468	46.135258
-89.139179	46.151980
# -b
-89.139179	46.151980
-89.409725	46.204417
# -b
-89.409725	46.204417
-89.463335	46.214977
# -b
-89.463335	46.214977
-89.970252	46.311124
-90.000027	46.316845
# -b
-89.964751	47.288581
-89.591971	47.865829
-89.511079	48.002239
# -b
-90.000027	47.291881
-89.964751	47.288581
# -b
-86.631805	44.999977
-86.795277	44.755539
# -b
-86.972536	44.298347
-87.036928	44.088891
-87.035534	44.089478
# -b
-87.171357	43.512523
-87.151116	43.208022
# -b
-87.801116	42.491650
-87.929972	42.492897
# -b
-87.929972	42.492897
-88.116765	42.493924
# -b
-88.116765	42.493924
-88.620308	42.495537
-88.706921	42.495317
# -b
-88.706921	42.495317
-89.207237	42.496931
-89.707479	42.503311
-90.000027	42.506391
# -b
-87.043308	42.835241
-87.041401	42.490037
# -b
-87.041401	42.490037
-87.232228	42.490550
# -b
-87.041401	42.490037
-87.076677	42.382229
# -b
-87.078364	41.770292
-87.238022	41.765818
# -b
-87.217487	41.842237
-87.238022	41.765818
# -b
-87.238022	41.765818
-87.341650	41.764131
# -b
-87.457158	41.768092
-87.521109	41.717195
# -b
-85.000022	41.759731
-85.501144	41.759438
-86.017228	41.759731
-86.115135	41.759658
# -b
-86.115135	41.759658
-86.617211	41.759144
-86.782956	41.759438
# -b
-86.782956	41.759438
-86.837520	41.759731
# -b
-87.529616	39.999971
-87.527416	40.499994
-87.526536	40.742598
# -b
-87.526536	40.742598
-87.524703	41.172215
# -b
-87.524703	41.172215
-87.522869	41.491238
# -b
-87.522869	41.491238
-87.522649	41.538248
# -b
-87.522649	41.538248
-87.522209	41.700327
# -b
-87.522209	41.700327
-87.521109	41.717195
# -b
-83.464165	41.738316
-83.508168	41.735969
# -b
-83.508168	41.735969
-84.012224	41.719688
-84.480344	41.708101
# -b
-84.480344	41.708101
-84.796140	41.700253
# -b
-80.520280	40.641684
-80.520280	40.642051
# -b
-80.520280	40.642051
-80.519987	40.656425
# -b
-80.519987	40.656425
-80.520280	40.843292
# -b
-80.520280	40.843292
-80.519473	41.033019
# -b
-80.519473	41.033019
-80.519693	41.233307
# -b
-80.519693	41.233307
-80.519987	41.738316
-80.519253	41.960972
# -b
-80.519253	41.960972
-80.520280	41.976080
# -b
-84.796140	41.700253
-84.798634	41.446502
# -b
-84.798634	41.446502
-84.798414	41.389444
# -b
-84.798414	41.389444
-84.797974	41.178449
# -b
-84.797974	41.178449
-84.798194	40.953153
# -b
-84.798194	40.953153
-84.800394	40.781834
# -b
-84.800394	40.781834
-84.803327	40.574433
# -b
-84.803327	40.574433
-84.810295	40.071696
-84.811541	39.999971
# -b
-84.796140	41.700253
-85.000022	41.759731
# -b
-80.519693	39.999971
-80.519987	40.499994
-80.520280	40.641684
# -b
-80.737509	39.999971
-80.617967	40.499994
-80.520867	40.641977
# -b
-80.520867	40.641977
-80.520280	40.641684
# -b
-75.000010	41.520134
-75.340815	41.999475
# -b
-75.340815	41.999475
-75.607181	41.998961
# -b
-75.607181	41.998961
-75.750778	41.998961
# -b
-75.750778	41.998961
-75.789940	41.999035
# -b
-75.789940	41.999035
-76.296123	41.998888
-76.481083	41.998668
# -b
-76.481083	41.998668
-76.552002	41.998961
# -b
-76.552002	41.998961
-77.062805	41.998888
-77.579696	41.998888
-77.870850	41.999035
# -b
-77.870850	41.999035
-78.334716	41.998888
# -b
-78.334716	41.998888
-78.846400	41.998888
-78.946654	41.998595
# -b
-78.946654	41.998595
-79.462517	41.998595
-79.473958	41.998961
# -b
-79.473958	41.998961
-79.762472	42.234965
# -b
-79.762472	42.234965
-79.763059	42.266647
# -b
-75.040200	39.999971
-75.025312	40.011119
-75.028612	40.012219
# -b
-75.028612	40.012219
-75.026926	40.015006
# -b
-75.026926	40.015006
-75.000010	40.018746
# -b
-75.000010	40.404947
-75.194138	40.683340
# -b
-75.194138	40.683340
-75.110018	40.937532
-75.110092	40.937532
# -b
-75.110092	40.937532
-75.000010	41.067561
# -b
-71.063048	44.999977
-71.085269	45.307779
# -b
-73.348058	44.999977
-73.353045	45.009438
# -b
-71.533662	44.999977
-71.481078	45.021978
# -b
-71.481078	45.021978
-71.494132	45.020585
# -b
-72.464915	42.729121
-72.486917	42.729634
# -b
-72.486917	42.729634
-72.987746	42.741955
-73.253305	42.751122
# -b
-70.813036	42.877485
-71.107344	42.821821
# -b
-71.107344	42.821821
-71.410159	42.703232
# -b
-71.410159	42.703232
-71.912235	42.713866
-72.412478	42.728020
-72.464915	42.729121
# -b
-73.253305	42.751122
-73.410250	42.356560
# -b
-73.410250	42.356560
-73.494736	42.056972
-73.480581	42.054479
# -b
-73.480581	42.054479
-72.978579	42.043038
-72.612326	42.034897
# -b
-72.612326	42.034897
-72.593111	42.022797
# -b
-72.593111	42.022797
-72.091915	42.031964
-71.800834	42.010842
# -b
-71.800834	42.010842
-71.793354	41.504733
-71.838163	41.375070
# -b
-71.838163	41.375070
-71.845864	41.318893
# -b
-73.480581	42.054479
-73.529131	41.551669
-73.680282	41.050840
-73.659307	41.032065
# -b
-73.659307	41.032065
-73.645520	41.007497
# -b
-70.737498	43.078066
-70.816410	43.245864
# -b
-70.816410	43.245864
-70.971668	43.752487
-71.007530	44.253903
-71.018678	44.402341
# -b
-71.018678	44.402341
-71.041633	44.715863
# -b
-71.041633	44.715863
-71.042513	44.730018
# -b
-71.042513	44.730018
-71.043026	44.737791
# -b
-71.043026	44.737791
-71.048087	44.803576
# -b
-71.048087	44.803576
-71.063048	44.999977
# -b
-73.253305	42.751122
-73.250298	43.256645
-73.408343	43.569434
# -b
-73.408343	43.569434
-73.367493	43.745814
# -b
-73.367493	43.745814
-73.317476	44.250016
-73.343878	44.755539
-73.346298	44.989196
# -b
-73.346298	44.989196
-73.348058	44.999977
# -b
-72.464915	42.729121
-72.450541	43.131383
# -b
-72.450541	43.131383
-72.396417	43.481135
# -b
-72.396417	43.481135
-72.104456	43.982257
-71.638022	44.482500
-71.539749	44.985309
-71.533662	44.999977
# -b
-74.699982	41.356589
-75.000010	41.520134
# -b
-71.128026	41.510820
-71.196084	41.671358
# -b
-71.196084	41.671358
-71.236640	41.709201
# -b
-71.236640	41.709201
-71.337334	41.865119
# -b
-71.337334	41.865119
-71.800834	42.010842
# -b
-73.901105	40.499187
-74.245870	40.495007
-74.003999	40.763646
# -b
-74.003999	40.763646
-73.893331	40.984689
-73.904478	40.989456
# -b
-73.904478	40.989456
-74.406921	41.221426
-74.537464	41.281123
# -b
-74.537464	41.281123
-74.699982	41.356589
# -b
-75.000010	40.018746
-74.727484	40.167477
-74.761367	40.196372
# -b
-74.761367	40.196372
-75.000010	40.404947
# -b
-75.000010	41.067561
-74.699982	41.356589
# -b
-114.999982	35.298600
-115.360294	35.585501
# -b
-115.360294	35.585501
-115.862224	35.980869
-116.365840	36.370297
-116.592456	36.543230
# -b
-116.592456	36.543230
-117.098859	36.926644
-117.599175	37.298911
-118.104478	37.668904
-118.606407	38.030830
-119.113324	38.390556
-119.492557	38.656115
# -b
-119.492557	38.656115
-119.680744	38.787318
# -b
-119.680744	38.787318
-119.941976	38.967217
# -b
-119.941976	38.967217
-119.999987	39.006527
# -b
-115.034744	32.271403
-114.999982	32.316286
# -b
-114.040273	37.003063
-114.042253	37.516360
-114.042033	37.702786
# -b
-114.042033	37.702786
-114.042473	38.216377
-114.042253	38.733047
-114.041666	39.249717
-114.042473	39.765801
-114.041960	39.999971
# -b
-114.630575	34.999966
-114.999982	35.298600
# -b
-109.999976	36.999689
-110.499999	36.999469
-111.000021	36.999689
-111.211163	36.999763
# -b
-111.211163	36.999763
-111.234338	36.999983
# -b
-111.234338	36.999983
-111.389816	36.999689
# -b
-111.389816	36.999689
-111.411084	36.999469
# -b
-111.411084	36.999469
-111.445847	36.999689
# -b
-111.445847	36.999689
-111.504224	36.999983
# -b
-111.504224	36.999983
-112.016934	36.999983
-112.517470	36.999469
-112.523997	36.999543
# -b
-112.523997	36.999543
-113.034141	36.999983
-113.534163	36.999983
-113.696901	36.999983
# -b
-113.696901	36.999983
-114.040273	37.003063
# -b
-114.623021	34.999966
-114.582758	35.341357
# -b
-114.582758	35.341357
-114.642529	35.621144
# -b
-114.642529	35.621144
-114.734203	36.010572
# -b
-114.734203	36.010572
-114.216359	36.019739
-114.041960	36.210273
# -b
-114.041960	36.210273
-114.042473	36.716089
-114.042253	36.803068
# -b
-114.042253	36.803068
-114.040273	37.003063
# -b
-114.810841	32.504180
-114.827196	32.487899
# -b
-114.827196	32.487899
-114.831303	32.485845
# -b
-114.831303	32.485845
-114.891661	32.489879
# -b
-114.891661	32.489879
-114.904935	32.489952
# -b
-114.904935	32.489952
-114.937717	32.471031
# -b
-114.937717	32.471031
-114.970353	32.409646
# -b
-114.970353	32.409646
-114.999982	32.316286
# -b
-114.621921	34.992192
-114.623021	34.999966
# -b
-114.718361	32.718622
-114.614147	32.731676
# -b
-114.614147	32.731676
-114.612387	32.731090
# -b
-114.612387	32.731090
-114.536042	32.730649
# -b
-114.536042	32.730649
-114.461090	32.887227
# -b
-114.461090	32.887227
-114.499152	33.003616
# -b
-114.499152	33.003616
-114.500032	33.006109
# -b
-114.500032	33.006109
-114.500839	33.008603
# -b
-114.500839	33.008603
-114.586865	33.500118
# -b
-114.586865	33.500118
-114.584445	33.505838
# -b
-114.584445	33.505838
-114.536775	33.598392
# -b
-114.536775	33.598392
-114.500032	33.904507
# -b
-114.500032	33.904507
-114.502233	33.908027
# -b
-114.502233	33.908027
-114.314632	34.146451
# -b
-114.314632	34.146451
-114.314339	34.146598
# -b
-114.314339	34.146598
-114.124686	34.310290
# -b
-114.124686	34.310290
-114.375284	34.539986
# -b
-114.375284	34.539986
-114.473264	34.717685
# -b
-114.473264	34.717685
-114.481624	34.731106
# -b
-114.481624	34.731106
-114.487198	34.741374
# -b
-114.487198	34.741374
-114.558043	34.806865
# -b
-114.558043	34.806865
-114.621921	34.992192
# -b
-114.621921	34.992192
-114.630575	34.999966
# -b
-109.046354	34.999966
-109.046574	35.353384
# -b
-109.046574	35.353384
-109.046648	35.866095
-109.046941	36.383058
-109.046941	36.899142
-109.046648	36.999689
# -b
-109.046648	36.999689
-109.046281	37.052346
# -b
-109.046281	37.052346
-109.046354	37.565863
-109.046354	38.082534
-109.046354	38.599424
-109.046354	39.099447
-109.046354	39.105314
# -b
-109.046354	39.105314
-109.046354	39.121155
# -b
-109.046354	39.121155
-109.043861	39.647799
-109.046134	39.999971
# -b
-109.046648	36.999689
-109.551144	36.999689
-109.999976	36.999689
# -b
-104.999971	36.999689
-105.499993	36.999983
-105.708568	37.000203
# -b
-105.708568	37.000203
-106.217758	36.999983
-106.734135	36.999689
-107.234158	36.999689
-107.380248	36.999836
# -b
-107.380248	36.999836
-107.884451	36.999983
-108.400828	36.999469
-108.900851	36.999689
-108.991350	36.999836
# -b
-108.991350	36.999836
-109.046648	36.999689
# -b
-108.967515	31.332889
-108.973309	31.300767
# -b
-109.047528	31.332522
-109.046941	31.796242
# -b
-109.046941	31.796242
-109.046134	32.207305
# -b
-109.046134	32.207305
-109.046794	32.230774
# -b
-109.046794	32.230774
-109.046208	32.641763
# -b
-109.046208	32.641763
-109.046721	32.729256
# -b
-109.046721	32.729256
-109.046648	33.107977
# -b
-109.046648	33.107977
-109.046574	33.220918
# -b
-109.046574	33.220918
-109.046354	33.713167
# -b
-109.046354	33.713167
-109.046941	33.735755
# -b
-109.046941	33.735755
-109.046648	33.825228
# -b
-109.046648	33.825228
-109.046941	34.161339
# -b
-109.046941	34.161339
-109.046354	34.665835
-109.046354	34.999966
# -b
-106.521673	31.778348
-106.538614	31.794116
# -b
-106.538614	31.794116
-106.664170	31.999977
# -b
-106.664170	31.999977
-106.596405	31.999830
# -b
-106.596405	31.999830
-106.583131	31.999977
# -b
-106.583131	31.999977
-106.323072	31.999977
# -b
-106.323072	31.999977
-106.321385	31.999977
# -b
-106.321385	31.999977
-105.817256	31.999977
-105.301099	31.999464
-104.999971	31.999684
# -b
-103.000834	36.999689
-102.500004	36.999469
-102.012743	36.999689
# -b
-103.000247	36.500107
-103.000834	36.999689
# -b
-99.999965	39.999751
-100.499987	39.999458
-101.000010	39.999751
-101.500033	39.999971
-101.530248	39.999825
# -b
-101.530248	39.999825
-102.024477	39.999971
# -b
-102.012743	36.999689
-102.016410	37.500005
-102.018243	38.000028
-102.018316	38.030683
# -b
-102.018316	38.030683
-102.018316	38.047184
# -b
-102.018316	38.047184
-102.018096	38.138858
# -b
-102.018096	38.138858
-102.020297	38.643061
-102.020663	38.924314
# -b
-102.020663	38.924314
-102.022790	39.427784
-102.023450	39.650220
# -b
-102.023450	39.650220
-102.024477	39.999971
# -b
-103.000834	36.999689
-103.501076	36.999689
-103.865202	36.999983
# -b
-103.865202	36.999983
-104.367792	36.999469
-104.491514	36.999469
# -b
-104.491514	36.999469
-104.999971	36.999689
# -b
-99.999965	36.999469
-100.499987	36.999983
-101.000010	36.999983
-101.500033	36.999983
-102.001375	36.999469
-102.012743	36.999689
# -b
-103.041683	34.999966
-103.041830	35.390640
# -b
-103.041830	35.390640
-103.041683	35.899464
-103.041537	36.396626
# -b
-103.041537	36.396626
-103.000247	36.500107
# -b
-100.000258	34.999966
-100.000552	35.499988
-100.000772	35.882449
# -b
-100.000772	35.882449
-100.000625	36.127693
# -b
-100.000625	36.127693
-100.508348	36.500033
-101.008884	36.500033
-101.525261	36.499740
-102.025284	36.499740
-102.525526	36.499740
-103.000247	36.500107
# -b
-104.999971	31.999684
-104.505155	31.999830
# -b
-104.505155	31.999830
-104.045909	31.999830
# -b
-104.045909	31.999830
-104.021634	31.999830
# -b
-104.021634	31.999830
-103.971103	31.999464
# -b
-103.971103	31.999464
-103.918300	31.999757
# -b
-103.918300	31.999757
-103.417764	31.999757
-103.133283	31.999977
# -b
-103.133283	31.999977
-103.065885	32.422921
# -b
-103.065885	32.422921
-103.066105	32.591600
# -b
-103.066105	32.591600
-103.066032	32.728156
# -b
-103.066032	32.728156
-103.065152	33.102843
# -b
-103.065152	33.102843
-103.061411	33.253774
# -b
-103.061411	33.253774
-103.048357	33.755850
-103.048210	33.758050
# -b
-103.048210	33.758050
-103.041977	34.266653
-103.041537	34.394409
# -b
-103.041537	34.394409
-103.041390	34.401376
# -b
-103.041390	34.401376
-103.041830	34.509477
# -b
-103.041830	34.509477
-103.041537	34.793591
# -b
-103.041537	34.793591
-103.041610	34.827620
# -b
-103.041610	34.827620
-103.041683	34.999966
# -b
-99.999965	34.580322
-100.000038	34.689303
# -b
-100.000038	34.689303
-100.000552	34.900592
# -b
-100.000552	34.900592
-100.000258	34.999966
# -b
-95.000033	39.445018
-95.000033	39.674421
# -b
-95.318029	39.999751
-95.318322	39.999971
# -b
-95.318322	39.999971
-95.850540	39.999971
-96.401093	39.999971
-96.917470	39.999971
-97.417493	39.999751
-97.934457	39.999751
-97.947364	39.999971
# -b
-97.947364	39.999971
-98.450540	39.999751
-98.967211	39.999458
-99.484175	39.999971
-99.999965	39.999751
# -b
-95.000033	36.999983
-95.032595	36.999983
# -b
-95.032595	36.999983
-95.534451	36.999689
-96.034474	36.999469
-96.550851	36.999689
-96.928618	36.999616
# -b
-96.928618	36.999616
-97.030778	36.999763
# -b
-97.030778	36.999763
-97.533881	36.999983
-98.051138	36.999983
-98.513758	36.999689
# -b
-98.513758	36.999689
-99.017228	36.999469
-99.534192	36.999689
-99.999965	36.999469
# -b
-95.000033	33.853757
-95.021301	33.860797
# -b
-95.021301	33.860797
-95.488321	33.875832
# -b
-95.488321	33.875832
-95.993917	33.862777
-96.498047	33.784452
-96.534056	33.821488
# -b
-96.534056	33.821488
-96.539410	33.822221
# -b
-96.539410	33.822221
-96.542857	33.823908
# -b
-96.542857	33.823908
-96.990002	33.930029
-96.986922	33.901134
# -b
-96.986922	33.901134
-97.152374	33.728054
# -b
-97.152374	33.728054
-97.173349	33.743896
# -b
-97.173349	33.743896
-97.674471	33.981953
-97.861631	33.859991
# -b
-97.861631	33.859991
-97.945971	33.877225
# -b
-97.945971	33.877225
-97.949858	33.928929
# -b
-97.949858	33.928929
-97.947291	33.955844
# -b
-97.947291	33.955844
-97.962765	33.991927
# -b
-97.962765	33.991927
-98.087221	34.132737
# -b
-98.087221	34.132737
-98.541407	34.109708
# -b
-98.541407	34.109708
-98.581376	34.151952
# -b
-98.581376	34.151952
-99.083599	34.209449
-99.094160	34.210916
# -b
-99.094160	34.210916
-99.346445	34.452566
# -b
-99.346445	34.452566
-99.358106	34.463274
# -b
-99.358106	34.463274
-99.859742	34.546366
-99.987351	34.572475
# -b
-99.987351	34.572475
-99.999965	34.580322
# -b
-94.618305	36.499740
-94.617865	36.837171
# -b
-94.617865	36.837171
-94.618085	36.999689
# -b
-90.310909	34.999966
-90.043810	35.001946
# -b
-90.043810	35.001946
-90.000027	35.001946
# -b
-94.449553	34.999966
-94.448673	35.022701
# -b
-94.448673	35.022701
-94.439432	35.387047
# -b
-94.439432	35.387047
-94.511671	35.889196
-94.597770	36.390539
-94.618305	36.499740
# -b
-95.000033	39.674421
-94.957790	39.901918
-95.000033	39.902284
# -b
-94.618085	36.999689
-94.618085	37.499712
-94.618232	37.611700
# -b
-94.618232	37.611700
-94.618085	38.115829
-94.617939	38.207503
# -b
-94.617939	38.207503
-94.618085	38.716399
-94.618159	39.072018
# -b
-94.618159	39.072018
-94.618012	39.102307
# -b
-94.618012	39.102307
-94.618525	39.121522
# -b
-94.618525	39.121522
-94.906086	39.385834
# -b
-94.906086	39.385834
-95.000033	39.445018
# -b
-90.000027	37.961525
-90.293895	38.464701
-90.190854	38.629200
# -b
-90.190854	38.629200
-90.127196	38.814966
# -b
-90.127196	38.814966
-90.195841	38.880311
# -b
-90.195841	38.880311
-90.480248	38.959443
# -b
-90.480248	38.959443
-90.982251	39.411649
-91.434750	39.914752
-91.490487	39.999971
# -b
-94.618085	36.999689
-94.763442	36.999469
# -b
-94.763442	36.999469
-95.000033	36.999983
# -b
-90.000027	35.994144
-90.159465	36.496146
-90.435145	36.500033
# -b
-90.435145	36.500033
-90.528725	36.499740
# -b
-90.528725	36.499740
-91.034688	36.500033
-91.535004	36.499447
-91.537057	36.499520
# -b
-91.537057	36.499520
-92.051674	36.499447
-92.567758	36.500033
-92.769293	36.499960
# -b
-92.769293	36.499960
-92.782347	36.499520
# -b
-92.782347	36.499520
-92.967820	36.499447
# -b
-92.967820	36.499447
-92.990848	36.499593
# -b
-92.990848	36.499593
-93.018864	36.499740
# -b
-93.018864	36.499740
-93.534728	36.499447
-93.768604	36.499447
# -b
-93.768604	36.499447
-94.284688	36.499447
-94.618305	36.499740
# -b
-90.310909	34.999966
-90.302255	35.017787
# -b
-90.302255	35.017787
-90.222243	35.046682
# -b
-90.222243	35.046682
-90.090307	35.144736
# -b
-90.090307	35.144736
-90.103875	35.253057
# -b
-90.103875	35.253057
-90.172226	35.291633
-90.120009	35.313855
# -b
-90.120009	35.313855
-90.094414	35.390274
# -b
-90.094414	35.390274
-90.106368	35.483340
-90.046670	35.421296
# -b
-90.046670	35.421296
-90.015355	35.470359
# -b
-90.015355	35.470359
-90.016382	35.561079
-90.000027	35.557486
# -b
-94.484169	33.647235
-94.473095	34.063212
# -b
-94.473095	34.063212
-94.460554	34.568368
-94.456667	34.711598
# -b
-94.456667	34.711598
-94.456594	34.712772
# -b
-94.456594	34.712772
-94.449553	34.999966
# -b
-94.041277	33.010803
-93.900834	33.011683
# -b
-93.900834	33.011683
-93.828595	33.011683
# -b
-93.828595	33.011683
-93.693139	33.011976
# -b
-93.693139	33.011976
-93.470776	33.011463
# -b
-93.470776	33.011463
-93.142879	33.011683
# -b
-93.142879	33.011683
-92.752425	33.011830
# -b
-92.752425	33.011830
-92.734677	33.011830
# -b
-92.734677	33.011830
-92.698961	33.011610
# -b
-92.698961	33.011610
-92.194171	33.011683
-92.069716	33.011756
# -b
-92.069716	33.011756
-91.869575	33.011390
# -b
-91.869575	33.011390
-91.643912	33.011683
# -b
-91.643912	33.011683
-91.633278	33.011683
# -b
-91.633278	33.011683
-91.315722	33.011976
# -b
-91.315722	33.011976
-91.229989	33.011683
# -b
-91.229989	33.011683
-91.180559	33.013590
# -b
-94.484169	33.647235
-94.623366	33.672684
# -b
-94.623366	33.672684
-95.000033	33.853757
# -b
-91.165817	33.626700
-91.243630	33.573090
-91.231235	33.563996
# -b
-91.231235	33.563996
-91.195593	33.521386
# -b
-91.195593	33.521386
-91.237469	33.449148
-91.172418	33.510752
# -b
-91.172418	33.510752
-91.157237	33.501952
# -b
-91.157237	33.501952
-91.153643	33.500191
# -b
-91.153643	33.500191
-91.127535	33.464769
# -b
-91.127535	33.464769
-91.218915	33.408591
-91.124454	33.408885
# -b
-91.124454	33.408885
-91.079131	33.464989
-91.128121	33.389597
# -b
-91.128121	33.389597
-91.153277	33.355641
# -b
-91.153277	33.355641
-91.146089	33.326526
# -b
-91.146089	33.326526
-91.129808	33.282962
# -b
-91.129808	33.282962
-91.106047	33.266681
# -b
-91.106047	33.266681
-91.051923	33.282742
-91.104506	33.229425
# -b
-91.104506	33.229425
-91.097759	33.150586
# -b
-91.097759	33.150586
-91.203880	33.130565
-91.160390	33.096829
# -b
-91.160390	33.096829
-91.168458	33.034051
# -b
-91.168458	33.034051
-91.180559	33.013590
# -b
-90.689703	34.369840
-90.854935	34.215536
# -b
-90.854935	34.215536
-90.937221	34.233577
-90.885297	34.190234
# -b
-90.885297	34.190234
-90.813059	34.165006
-90.918080	34.170946
# -b
-90.918080	34.170946
-90.985331	34.022436
# -b
-90.985331	34.022436
-91.041362	33.999114
# -b
-91.041362	33.999114
-91.095852	34.005568
-91.087419	33.992147
# -b
-91.087419	33.992147
-91.041362	33.949977
# -b
-91.041362	33.949977
-91.047082	33.827282
# -b
-91.047082	33.827282
-91.006966	33.789145
-91.067764	33.791126
# -b
-91.067764	33.791126
-91.156137	33.762230
-91.149830	33.750716
# -b
-91.149830	33.750716
-91.049429	33.690798
-91.173445	33.718447
# -b
-91.173445	33.718447
-91.228889	33.706126
-91.222875	33.695785
# -b
-91.222875	33.695785
-91.182392	33.651856
# -b
-91.182392	33.651856
-91.165817	33.626700
# -b
-90.689703	34.369840
-90.679143	34.318577
-90.641887	34.386488
# -b
-90.641887	34.386488
-90.589009	34.501043
# -b
-90.589009	34.501043
-90.582776	34.518351
# -b
-90.582776	34.518351
-90.586003	34.610684
# -b
-90.586003	34.610684
-90.570748	34.703531
# -b
-90.570748	34.703531
-90.472768	34.677789
-90.553367	34.739540
# -b
-90.553367	34.739540
-90.517504	34.801145
-90.529165	34.734480
# -b
-90.529165	34.734480
-90.464700	34.739980
# -b
-90.464700	34.739980
-90.469908	34.813246
# -b
-90.469908	34.813246
-90.443066	34.885558
-90.438592	34.834441
# -b
-90.438592	34.834441
-90.356086	34.860256
# -b
-90.356086	34.860256
-90.271380	34.912473
# -b
-90.271380	34.912473
-90.310909	34.999966
# -b
-94.041277	33.010803
-94.042231	33.013296
# -b
-94.042231	33.013296
-94.043404	33.413652
# -b
-94.043404	33.413652
-94.043551	33.422819
# -b
-94.043551	33.422819
-94.043917	33.433013
# -b
-94.043917	33.433013
-94.043624	33.441154
# -b
-94.043624	33.441154
-94.043404	33.447608
# -b
-94.043404	33.447608
-94.043844	33.464916
# -b
-94.043844	33.464916
-94.043624	33.474816
# -b
-94.043624	33.474816
-94.045311	33.553362
# -b
-94.045311	33.553362
-94.060492	33.555709
# -b
-94.060492	33.555709
-94.484169	33.647235
# -b
-90.000027	31.000005
-90.182787	30.999712
# -b
-90.182787	30.999712
-90.471008	30.999785
# -b
-90.471008	30.999785
-90.511197	31.000005
# -b
-90.511197	31.000005
-91.017233	30.999712
-91.326429	30.999419
# -b
-91.326429	30.999419
-91.653372	31.000005
# -b
-91.653372	31.000005
-91.542118	31.278252
# -b
-91.542118	31.278252
-91.519016	31.322548
# -b
-91.519016	31.322548
-91.564413	31.425809
-91.492468	31.394640
# -b
-91.492468	31.394640
-91.515789	31.522983
# -b
-91.515789	31.522983
-91.453525	31.561486
# -b
-91.453525	31.561486
-91.438270	31.565519
# -b
-91.438270	31.565519
-91.425729	31.590308
# -b
-91.425729	31.590308
-91.514689	31.630277
-91.417296	31.639078
# -b
-91.417296	31.639078
-91.280299	31.769474
-91.369479	31.792796
# -b
-91.369479	31.792796
-91.320782	31.859240
# -b
-91.320782	31.859240
-91.258591	31.825578
-91.263871	31.875741
# -b
-91.263871	31.875741
-91.077151	32.021612
# -b
-91.077151	32.021612
-91.086978	32.036353
# -b
-91.086978	32.036353
-91.165011	32.084756
-91.075684	32.090697
# -b
-91.075684	32.090697
-91.014007	32.164329
# -b
-91.014007	32.164329
-90.914413	32.302499
# -b
-90.914413	32.302499
-90.905245	32.319733
# -b
-90.905245	32.319733
-90.907006	32.329047
# -b
-90.907006	32.329047
-90.913899	32.336675
# -b
-90.913899	32.336675
-90.999412	32.375837
# -b
-90.999412	32.375837
-90.999999	32.377744
# -b
-90.999999	32.377744
-91.001539	32.391018
# -b
-91.001539	32.391018
-91.007773	32.407006
# -b
-91.007773	32.407006
-91.075538	32.440815
# -b
-91.075538	32.440815
-91.103920	32.519654
# -b
-91.103920	32.519654
-91.021120	32.639710
-91.148363	32.602527
# -b
-91.148363	32.602527
-91.168604	32.649170
# -b
-91.168604	32.649170
-91.072457	32.724929
# -b
-91.072457	32.724929
-91.158337	32.768126
# -b
-91.158337	32.768126
-91.110373	32.875347
# -b
-91.110373	32.875347
-91.092699	32.887007
# -b
-91.092699	32.887007
-91.094312	32.944798
# -b
-91.094312	32.944798
-91.144183	32.978021
-91.147483	32.963573
# -b
-91.147483	32.963573
-91.228082	32.928077
-91.180559	33.013590
# -b
-93.791413	30.000033
-93.722474	30.065231
# -b
-93.722474	30.065231
-93.699299	30.141284
# -b
-93.699299	30.141284
-93.705020	30.175533
# -b
-93.705020	30.175533
-93.724161	30.298302
# -b
-93.724161	30.298302
-93.742276	30.315463
# -b
-93.742276	30.315463
-93.609093	30.761288
# -b
-93.609093	30.761288
-93.530987	31.060950
# -b
-93.530987	31.060950
-93.566410	31.195526
# -b
-93.566410	31.195526
-93.744916	31.474359
# -b
-93.744916	31.474359
-93.823022	31.637464
# -b
-93.823022	31.637464
-94.006955	31.970495
# -b
-94.006955	31.970495
-94.017736	31.976949
# -b
-94.017736	31.976949
-94.043331	31.997484
# -b
-94.043331	31.997484
-94.043331	32.383538
# -b
-94.043331	32.383538
-94.043551	32.463770
# -b
-94.043551	32.463770
-94.043331	32.487825
# -b
-94.043331	32.487825
-94.043551	32.809782
# -b
-94.043551	32.809782
-94.041277	33.010803
# -b
-85.221944	36.633363
-85.211090	36.633583
# -b
-85.211090	36.633583
-85.000022	36.625589
# -b
-89.562489	36.500033
-89.491937	36.501353
# -b
-89.491937	36.501353
-89.575250	36.544477
-89.562489	36.500033
# -b
-89.425859	36.498860
-89.507778	36.456397
-89.491937	36.501353
# -b
-89.562489	36.500033
-89.731094	36.000524
# -b
-88.188637	34.999966
-88.196118	35.023654
# -b
-88.196118	35.023654
-87.687808	35.017787
-87.179718	35.009133
-87.005612	35.006273
# -b
-87.005612	35.006273
-86.832533	35.002239
-86.833413	34.999966
# -b
-90.000027	35.001946
-89.859364	35.001946
# -b
-89.859364	35.001946
-89.350834	35.001946
-88.850811	35.002239
-88.609234	35.002093
# -b
-88.609234	35.002093
-88.529662	35.001799
# -b
-88.529662	35.001799
-88.194871	34.999966
# -b
-88.047754	37.805314
-87.886702	38.307757
-87.537464	38.689191
# -b
-87.537464	38.689191
-87.605522	39.190827
-87.532770	39.356938
# -b
-87.532770	39.356938
-87.532697	39.457779
# -b
-87.532697	39.457779
-87.530276	39.963889
-87.529616	39.999971
# -b
-89.129718	36.981648
-89.474409	37.218898
# -b
-89.474409	37.218898
-89.500958	37.500005
# -b
-89.500958	37.500005
-89.502205	37.501912
# -b
-89.502205	37.501912
-89.847189	37.897207
# -b
-89.847189	37.897207
-89.857457	37.902414
# -b
-89.857457	37.902414
-89.974725	37.904468
-89.952504	37.958078
# -b
-89.952504	37.958078
-89.956684	37.960278
# -b
-89.956684	37.960278
-90.000027	37.961525
# -b
-88.047754	37.805314
-87.542744	37.910555
-87.505855	37.915248
# -b
-87.505855	37.915248
-87.003045	37.926102
-86.501116	38.047258
-85.999993	38.000908
-85.757243	38.267494
# -b
-85.757243	38.267494
-85.251940	38.735247
-85.184468	38.691977
# -b
-85.184468	38.691977
-85.000022	38.770743
# -b
-89.129718	36.981648
-89.175848	37.021691
# -b
-89.175848	37.021691
-88.669738	37.128325
-88.582465	37.082489
# -b
-88.582465	37.082489
-88.429188	37.136979
# -b
-88.429188	37.136979
-88.503333	37.351128
# -b
-88.503333	37.351128
-88.500033	37.356115
# -b
-88.500033	37.356115
-88.047754	37.805314
# -b
-89.425859	36.498860
-89.395277	36.578066
# -b
-89.395277	36.578066
-89.304411	36.593613
# -b
-89.304411	36.593613
-89.178635	36.661672
# -b
-89.178635	36.661672
-89.131918	36.766619
# -b
-89.131918	36.766619
-89.141452	36.798081
# -b
-89.141452	36.798081
-89.140279	36.859466
# -b
-89.140279	36.859466
-89.129718	36.981648
# -b
-89.425859	36.498860
-88.916963	36.499447
-88.904495	36.499887
# -b
-88.904495	36.499887
-88.889974	36.499813
# -b
-88.889974	36.499813
-88.384158	36.499447
-88.057068	36.499520
# -b
-88.057068	36.499520
-88.038586	36.551077
# -b
-88.038586	36.551077
-88.039173	36.560318
# -b
-88.039173	36.560318
-88.075256	36.690567
-88.064328	36.689320
# -b
-88.064328	36.689320
-87.949187	36.680520
# -b
-87.949187	36.680520
-87.904963	36.677806
# -b
-87.904963	36.677806
-87.404721	36.652504
-86.898024	36.650818
-86.566754	36.652724
# -b
-86.566754	36.652724
-86.058591	36.640257
-85.552775	36.625589
-85.500557	36.624196
# -b
-85.500557	36.624196
-85.331365	36.631089
# -b
-85.331365	36.631089
-85.255020	36.632776
# -b
-85.255020	36.632776
-85.221944	36.633363
# -b
-89.731094	36.000524
-90.000027	35.994144
# -b
-90.000027	35.557486
-89.934462	35.546632
-89.954411	35.597455
# -b
-89.954411	35.597455
-89.900287	35.631411
# -b
-89.900287	35.631411
-89.954704	35.708637
# -b
-89.954704	35.708637
-89.902487	35.743032
# -b
-89.902487	35.743032
-89.809200	35.776328
# -b
-89.809200	35.776328
-89.746129	35.811971
-89.746422	35.810577
# -b
-89.746422	35.810577
-89.731094	36.000524
# -b
-86.833413	34.999966
-86.317549	34.999966
-85.817527	34.999452
-85.688818	34.999746
# -b
-85.688818	34.999746
-85.654349	34.999746
# -b
-85.654349	34.999746
-85.623620	34.999746
# -b
-88.188857	34.997766
-88.190104	34.999966
# -b
-88.194871	34.999966
-88.188857	34.997766
# -b
-85.623620	34.999746
-85.513318	34.999966
# -b
-85.513318	34.999966
-85.438440	34.999966
# -b
-85.438440	34.999966
-85.396197	34.999746
# -b
-85.396197	34.999746
-85.000022	34.999746
# -b
-89.521493	30.188367
-89.535720	30.198928
# -b
-89.535720	30.198928
-89.626220	30.334311
# -b
-89.626220	30.334311
-89.668903	30.402516
# -b
-89.668903	30.402516
-89.689145	30.470721
# -b
-89.689145	30.470721
-89.700806	30.487368
# -b
-89.700806	30.487368
-89.785805	30.553373
# -b
-89.785805	30.553373
-89.807147	30.800524
# -b
-89.807147	30.800524
-89.731755	31.000005
# -b
-89.731755	31.000005
-89.803553	31.000005
# -b
-89.803553	31.000005
-90.000027	31.000005
# -b
-85.000022	31.031614
-85.026130	31.090578
# -b
-85.026130	31.090578
-85.055245	31.136122
# -b
-85.055245	31.136122
-85.105776	31.279205
# -b
-85.105776	31.279205
-85.054439	31.603509
# -b
-85.054439	31.603509
-85.063019	31.626684
# -b
-85.063019	31.626684
-85.126091	31.886816
# -b
-85.126091	31.886816
-85.060526	32.053074
# -b
-85.060526	32.053074
-85.053632	32.130520
# -b
-85.053632	32.130520
-85.000022	32.186037
# -b
-85.005962	31.000005
-85.000022	31.006092
# -b
-85.000022	32.523028
-85.003028	32.527282
# -b
-85.003028	32.527282
-85.007942	32.532195
# -b
-85.007942	32.532195
-85.018503	32.543343
# -b
-85.018503	32.543343
-85.177794	32.880847
# -b
-85.177794	32.880847
-85.180581	32.886934
# -b
-85.180581	32.886934
-85.194662	32.915903
# -b
-85.194662	32.915903
-85.203609	32.992468
# -b
-85.203609	32.992468
-85.210210	33.027671
# -b
-85.210210	33.027671
-85.214977	33.052386
# -b
-85.214977	33.052386
-85.246586	33.223045
# -b
-85.246586	33.223045
-85.305550	33.537667
# -b
-85.305550	33.537667
-85.332465	33.679211
# -b
-85.332465	33.679211
-85.341559	33.727834
# -b
-85.341559	33.727834
-85.344713	33.745802
# -b
-85.344713	33.745802
-85.385049	33.958044
# -b
-85.385049	33.958044
-85.385709	33.961711
# -b
-85.385709	33.961711
-85.442253	34.216710
# -b
-85.442253	34.216710
-85.451201	34.255579
# -b
-85.451201	34.255579
-85.550721	34.688497
# -b
-85.550721	34.688497
-85.623620	34.999746
# -b
-88.402199	30.387775
-88.406379	30.463900
# -b
-88.406379	30.463900
-88.408213	30.496536
# -b
-88.408213	30.496536
-88.428014	30.855162
# -b
-88.428014	30.855162
-88.429334	30.878630
# -b
-88.429334	30.878630
-88.457496	31.383639
-88.460650	31.433656
# -b
-88.460650	31.433656
-88.480011	31.783775
# -b
-88.480011	31.783775
-88.441069	32.253655
# -b
-88.441069	32.253655
-88.417967	32.428641
# -b
-88.417967	32.428641
-88.414813	32.457023
# -b
-88.414813	32.457023
-88.413127	32.467511
# -b
-88.413127	32.467511
-88.347782	32.973620
-88.335901	33.059646
# -b
-88.335901	33.059646
-88.309426	33.265581
# -b
-88.309426	33.265581
-88.304365	33.301004
# -b
-88.304365	33.301004
-88.297252	33.353294
# -b
-88.297252	33.353294
-88.278917	33.491684
# -b
-88.278917	33.491684
-88.273637	33.532387
# -b
-88.273637	33.532387
-88.254275	33.678478
# -b
-88.254275	33.678478
-88.227140	33.881185
# -b
-88.227140	33.881185
-88.225966	33.892920
# -b
-88.225966	33.892920
-88.183577	34.204609
# -b
-88.183577	34.204609
-88.114418	34.709178
-88.104518	34.783177
# -b
-88.104518	34.783177
-88.087650	34.907486
# -b
-87.420269	30.480841
-87.426136	30.572368
# -b
-87.426136	30.572368
-87.605815	30.999419
-87.488987	30.999639
# -b
-87.488987	30.999639
-87.249536	30.999712
# -b
-87.249536	30.999712
-86.734479	30.999712
-86.346005	31.000005
# -b
-86.346005	31.000005
-86.327964	31.000005
# -b
-86.327964	31.000005
-85.817234	30.999712
-85.483836	31.000005
# -b
-85.483836	31.000005
-85.422452	30.999565
# -b
-85.422452	30.999565
-85.410424	30.999419
# -b
-85.410424	30.999419
-85.005962	31.000005
# -b
-85.000022	30.979324
-85.005962	31.000005
# -b
-84.811541	39.999971
-84.813595	39.859821
# -b
-84.813595	39.859821
-84.817482	39.560526
# -b
-84.817482	39.560526
-84.819462	39.425803
# -b
-84.819462	39.425803
-84.823496	39.147997
# -b
-84.823496	39.147997
-84.823642	39.094753
# -b
-83.667533	36.603881
-83.159443	36.595300
-82.652233	36.597500
-82.603903	36.597500
# -b
-82.603903	36.597500
-82.184333	36.597794
# -b
-82.184333	36.597794
-81.679176	36.611361
-81.658862	36.609455
# -b
-85.000022	36.625589
-84.499999	36.605714
-84.454529	36.604761
# -b
-84.454529	36.604761
-84.103017	36.604028
# -b
-84.103017	36.604028
-83.667533	36.603881
# -b
-81.658862	36.609455
-81.312924	36.573299
# -b
-81.312924	36.573299
-81.190301	36.567138
# -b
-81.190301	36.567138
-81.155172	36.565085
# -b
-81.155172	36.565085
-80.651703	36.556137
-80.000016	36.552250
# -b
-80.000016	39.721651
-80.503045	39.721651
-80.519693	39.999971
# -b
-82.589749	38.413364
-82.580801	38.408304
# -b
-82.580801	38.408304
-82.146637	38.841588
# -b
-82.146637	38.841588
-81.645294	39.273919
-81.568949	39.281986
# -b
-81.568949	39.281986
-81.462241	39.410036
# -b
-81.462241	39.410036
-80.960018	39.588028
-80.737509	39.999971
# -b
-82.589749	38.413364
-82.666534	38.499977
# -b
-82.666534	38.499977
-82.668588	38.501957
# -b
-82.668588	38.501957
-82.896524	38.746248
# -b
-82.896524	38.746248
-83.001398	38.719479
# -b
-83.001398	38.719479
-83.503914	38.702465
-84.007237	38.776977
-84.511366	39.092479
-84.542242	39.088593
# -b
-84.542242	39.088593
-84.550016	39.087199
# -b
-84.550016	39.087199
-84.823642	39.094753
# -b
-81.965270	37.538581
-81.459454	37.269722
-81.312263	37.303824
# -b
-81.312263	37.303824
-81.250586	37.270089
# -b
-81.250586	37.270089
-80.860864	37.349441
-80.870252	37.367776
# -b
-80.870252	37.367776
-80.855437	37.424833
# -b
-80.855437	37.424833
-80.736922	37.382517
# -b
-80.736922	37.382517
-80.235580	37.607226
-80.242547	37.749870
# -b
-80.242547	37.749870
-80.000016	38.001495
# -b
-85.000022	38.770743
-84.823642	39.094753
# -b
-81.965270	37.538581
-82.468300	37.925589
-82.481281	37.944070
# -b
-82.481281	37.944070
-82.464706	37.966292
# -b
-82.464706	37.966292
-82.592022	38.391803
# -b
-82.592022	38.391803
-82.589749	38.413364
# -b
-83.667533	36.603881
-83.166410	36.746084
-82.664994	37.142186
-82.158371	37.408919
-81.965270	37.538581
# -b
-84.323253	34.999966
-83.900016	35.499988
-83.492253	35.571127
# -b
-83.492253	35.571127
-82.987244	35.781682
-82.484141	35.996417
-81.980818	36.206386
-81.658862	36.609455
# -b
-80.827569	34.999966
-81.329718	35.170258
-81.443686	35.175025
# -b
-81.443686	35.175025
-81.621972	35.182212
# -b
-81.621972	35.182212
-82.128889	35.200840
-82.632212	35.135862
-83.096518	35.000552
# -b
-83.096518	35.000552
-83.097765	35.000259
# -b
-85.000022	34.999746
-84.722875	34.999746
# -b
-84.722875	34.999746
-84.324720	34.986911
# -b
-84.324720	34.986911
-83.818023	34.993365
-83.313087	34.998059
-83.097765	35.000259
# -b
-84.324720	34.986911
-84.323253	34.999966
# -b
-80.000016	34.813319
-80.502752	34.821386
-80.827569	34.999966
# -b
-80.893060	32.027772
-81.144465	32.236934
# -b
-81.144465	32.236934
-81.263347	32.532195
# -b
-81.263347	32.532195
-81.266647	32.532782
# -b
-81.266647	32.532782
-81.515558	33.032805
-81.956910	33.481637
# -b
-81.956910	33.481637
-81.961237	33.483250
# -b
-81.961237	33.483250
-81.979425	33.492784
# -b
-81.979425	33.492784
-81.983312	33.494178
# -b
-81.983312	33.494178
-82.202521	33.657796
# -b
-82.202521	33.657796
-82.206921	33.659703
# -b
-82.206921	33.659703
-82.589749	34.019942
# -b
-82.589749	34.019942
-82.816658	34.357520
# -b
-82.816658	34.357520
-83.162523	34.600564
# -b
-83.162523	34.600564
-83.243342	34.626379
# -b
-83.243342	34.626379
-83.096372	34.999966
# -b
-83.096372	34.999966
-83.096518	35.000552
# -b
-85.000022	31.006092
-85.000022	31.031614
# -b
-85.000022	32.186037
-84.964379	32.426148
# -b
-84.964379	32.426148
-84.977580	32.446169
# -b
-84.977580	32.446169
-84.991294	32.505353
# -b
-84.991294	32.505353
-85.000022	32.523028
# -b
-81.507197	30.713618
-81.692524	30.743687
# -b
-81.692524	30.743687
-82.009200	30.789157
# -b
-82.009200	30.789157
-82.017634	30.530052
# -b
-82.017634	30.530052
-82.192473	30.373327
-82.231709	30.517951
# -b
-82.231709	30.517951
-82.429137	30.578675
# -b
-82.429137	30.578675
-82.691102	30.596056
# -b
-82.691102	30.596056
-83.048995	30.618131
# -b
-83.048995	30.618131
-83.193839	30.627372
# -b
-83.193839	30.627372
-83.447590	30.642553
# -b
-83.447590	30.642553
-83.655285	30.654287
# -b
-83.655285	30.654287
-83.897522	30.667708
# -b
-83.897522	30.667708
-84.180536	30.683476
# -b
-84.180536	30.683476
-84.423140	30.696603
# -b
-84.423140	30.696603
-84.794160	30.715085
# -b
-84.794160	30.715085
-84.866032	30.718385
# -b
-84.866032	30.718385
-84.918029	30.784170
# -b
-84.918029	30.784170
-84.962472	30.918893
# -b
-84.962472	30.918893
-85.000022	30.979324
# -b
-88.087650	34.907486
-88.188857	34.997766
# -b
-78.572187	33.881699
-79.073896	34.309703
-79.318627	34.515931
# -b
-79.318627	34.515931
-79.770319	34.808625
# -b
-79.770319	34.808625
-79.923524	34.811706
# -b
-79.923524	34.811706
-80.000016	34.813319
# -b
-75.784660	39.721211
-75.436448	39.825205
# -b
-75.436448	39.825205
-75.419507	39.813691
# -b
-75.419507	39.813691
-75.400586	39.799757
# -b
-79.477478	39.721651
-78.961101	39.721651
-78.766827	39.721358
# -b
-78.766827	39.721358
-78.261084	39.721358
-77.745001	39.721358
-77.244685	39.721651
-76.727501	39.721358
-76.219485	39.721505
# -b
-76.219485	39.721505
-75.784660	39.721211
# -b
-77.736640	39.327236
-77.236104	38.989439
-77.120229	38.944262
# -b
-80.000016	36.552250
-79.458264	36.554451
# -b
-79.458264	36.554451
-78.505522	36.550124
-78.496941	36.549977
# -b
-75.400586	39.799757
-75.040200	39.999971
# -b
-79.477478	39.721651
-79.926384	39.721945
# -b
-79.926384	39.721945
-80.000016	39.721651
# -b
-79.477478	39.721651
-79.484152	39.417149
# -b
-79.484152	39.417149
-79.487526	39.204688
# -b
-79.487526	39.204688
-78.985303	39.450592
-78.758614	39.625578
# -b
-78.758614	39.625578
-78.731918	39.611937
-78.754727	39.600863
# -b
-78.754727	39.600863
-78.749740	39.577468
# -b
-78.749740	39.577468
-78.570867	39.528037
# -b
-78.570867	39.528037
-78.065270	39.660267
-77.741114	39.330537
# -b
-77.741114	39.330537
-77.736640	39.327236
# -b
-80.000016	38.001495
-79.686127	38.503057
-79.508281	38.479809
# -b
-79.508281	38.479809
-79.007745	38.831394
-78.507209	39.088593
-78.004693	39.250524
-77.866229	39.163105
# -b
-77.866229	39.163105
-77.736640	39.327236
# -b
-77.039190	38.790251
-77.022762	38.803085
# -b
-77.022762	38.803085
-76.902194	38.892778
-76.926762	38.910600
# -b
-76.926762	38.910600
-77.008755	38.972058
# -b
-77.008755	38.972058
-77.120229	38.944262
# -b
-76.182742	37.919429
-76.236939	37.898600
# -b
-76.236939	37.898600
-76.465022	37.995554
-76.453581	38.011102
# -b
-76.453581	38.011102
-76.520026	38.061412
# -b
-76.520026	38.061412
-76.594465	38.148318
# -b
-76.594465	38.148318
-76.775244	38.166653
# -b
-76.775244	38.166653
-76.904174	38.195035
# -b
-76.904174	38.195035
-76.949717	38.241385
# -b
-76.949717	38.241385
-77.246372	38.332765
# -b
-77.246372	38.332765
-77.307536	38.411971
# -b
-77.307536	38.411971
-77.277247	38.535253
# -b
-77.277247	38.535253
-77.185281	38.624433
# -b
-77.185281	38.624433
-77.163646	38.630006
# -b
-77.163646	38.630006
-77.133870	38.648048
# -b
-77.133870	38.648048
-77.126683	38.681123
# -b
-77.126683	38.681123
-77.039190	38.790251
# -b
-75.043647	38.450840
-75.065282	38.453334
# -b
-75.065282	38.453334
-75.082810	38.453040
# -b
-75.082810	38.453040
-75.588039	38.453920
-75.728043	38.955556
-75.764199	39.456092
-75.780113	39.657773
# -b
-75.780113	39.657773
-75.784660	39.721211
# -b
-76.063640	37.955291
-75.644143	37.961085
# -b
-75.644143	37.961085
-75.370004	38.024449
# -b
-75.370004	38.024449
-75.244741	38.037504
# -b
-75.244741	38.037504
-75.225820	38.039411
# -b
-78.496941	36.549977
-78.463866	36.549464
# -b
-78.463866	36.549464
-78.442231	36.549977
# -b
-78.442231	36.549977
-78.329436	36.549757
# -b
-78.329436	36.549757
-78.292473	36.549757
# -b
-78.292473	36.549757
-78.164644	36.549537
# -b
-78.164644	36.549537
-78.073924	36.549757
# -b
-78.073924	36.549757
-77.999999	36.549977
# -b
-77.999999	36.549977
-77.883024	36.549757
# -b
-77.883024	36.549757
-77.856915	36.549757
# -b
-77.856915	36.549757
-77.538553	36.549904
# -b
-77.538553	36.549904
-77.034716	36.549757
-76.534474	36.549757
-76.034158	36.549977
-76.028878	36.549977
# -b
-76.028878	36.549977
-76.011570	36.549904
# -b
-76.011570	36.549904
-75.968887	36.549757
# -b
-75.968887	36.549757
-75.943365	36.549757
# -b
-75.943365	36.549757
-75.909189	36.549977
# -b
-75.909189	36.549977
-75.882787	36.549977
# -b
-75.882787	36.549977
-75.851692	36.549170
# -b
-77.039190	38.790251
-77.037650	38.835354
# -b
-77.037650	38.835354
-77.061632	38.904733
# -b
-77.061632	38.904733
-77.120229	38.944262
# -b
-93.846123	29.695825
-93.897460	29.763443
# -b
-93.897460	29.763443
-93.796693	29.994166
# -b
-93.796693	29.994166
-93.791413	30.000033
# -b
-75.546970	39.456386
-75.544696	39.503029
# -b
-75.544696	39.503029
-75.400586	39.799757
# -b
-115.034744	32.271403
-114.962139	32.174596
# -b
-114.962139	32.174596
-114.959792	32.166676
# -b
-114.959792	32.166676
-114.932950	31.904784
# -b
-114.932950	31.904784
-114.599773	31.682274
# -b
-87.533063	30.277473
-87.429436	30.408970
# -b
-87.429436	30.408970
-87.420269	30.480841
# -b
-95.000033	39.902284
